-8 -8 0 
-7.82362 -7.98474 -0.0118349 
-7.64737 -7.96948 -0.0236587 
-7.47136 -7.95425 -0.0354601 
-7.29572 -7.93904 -0.047228 
-7.12058 -7.92387 -0.0589512 
-6.94606 -7.90875 -0.0706185 
-6.77228 -7.89368 -0.0822188 
-6.59937 -7.87867 -0.0937408 
-6.42745 -7.86374 -0.105174 
-6.25665 -7.8489 -0.116506 
-6.08708 -7.83414 -0.127726 
-5.91888 -7.81949 -0.138823 
-5.75216 -7.80494 -0.149787 
-5.58705 -7.79052 -0.160605 
-5.42368 -7.77622 -0.171266 
-5.26216 -7.76206 -0.18176 
-5.10263 -7.74805 -0.192076 
-4.9452 -7.7342 -0.202201 
-4.79 -7.72051 -0.212125 
-4.63715 -7.707 -0.221837 
-4.48678 -7.69367 -0.231325 
-4.33901 -7.68053 -0.240579 
-4.19397 -7.6676 -0.249587 
-4.05177 -7.65488 -0.258338 
-3.91255 -7.64238 -0.26682 
-3.77643 -7.63011 -0.275024 
-3.64352 -7.61808 -0.282936 
-3.51396 -7.60629 -0.290547 
-3.38787 -7.59477 -0.297846 
-3.26536 -7.58351 -0.30482 
-3.14658 -7.57253 -0.311459 
-3.03163 -7.56183 -0.317751 
-2.92065 -7.55143 -0.323686 
-2.81351 -7.54131 -0.329274 
-2.71008 -7.53147 -0.334527 
-2.61026 -7.5219 -0.339455 
-2.5139 -7.51259 -0.34407 
-2.42091 -7.50352 -0.348382 
-2.33114 -7.4947 -0.352403 
-2.24447 -7.48611 -0.356142 
-2.1608 -7.47774 -0.359613 
-2.07998 -7.46958 -0.362825 
-2.00191 -7.46162 -0.365789 
-1.92646 -7.45387 -0.368517 
-1.8535 -7.44629 -0.371019 
-1.78292 -7.4389 -0.373306 
-1.71459 -7.43167 -0.37539 
-1.64839 -7.4246 -0.377282 
-1.5842 -7.41768 -0.378992 
-1.5219 -7.4109 -0.380531 
-1.46135 -7.40426 -0.381911 
-1.40245 -7.39773 -0.383142 
-1.34507 -7.39132 -0.384236 
-1.28908 -7.38501 -0.385203 
-1.23437 -7.3788 -0.386055 
-1.18081 -7.37268 -0.386802 
-1.12828 -7.36663 -0.387455 
-1.07666 -7.36065 -0.388026 
-1.02582 -7.35473 -0.388526 
-0.975651 -7.34886 -0.388965 
-0.92602 -7.34304 -0.389354 
-0.876807 -7.33724 -0.389705 
-0.827891 -7.33147 -0.390028 
-0.77915 -7.32571 -0.390335 
-0.73046 -7.31995 -0.390636 
-0.681852 -7.31421 -0.390932 
-0.633353 -7.30848 -0.391223 
-0.584994 -7.30276 -0.39151 
-0.536801 -7.29707 -0.391792 
-0.488805 -7.2914 -0.39207 
-0.441033 -7.28576 -0.392344 
-0.393516 -7.28015 -0.392615 
-0.346281 -7.27458 -0.392882 
-0.299357 -7.26905 -0.393147 
-0.252774 -7.26357 -0.393408 
-0.20656 -7.25813 -0.393668 
-0.160743 -7.25275 -0.393925 
-0.115353 -7.24742 -0.394181 
-0.0704184 -7.24216 -0.394435 
-0.0259679 -7.23696 -0.394688 
0.0179696 -7.23183 -0.39494 
0.0613654 -7.22678 -0.395191 
0.104191 -7.2218 -0.395442 
0.146417 -7.2169 -0.395693 
0.188014 -7.21209 -0.395944 
0.228955 -7.20736 -0.396196 
0.26921 -7.20273 -0.396448 
0.308751 -7.1982 -0.396702 
0.347548 -7.19377 -0.396957 
0.385573 -7.18944 -0.397213 
0.422797 -7.18522 -0.397472 
0.459192 -7.18112 -0.397732 
0.494728 -7.17713 -0.397996 
0.529376 -7.17327 -0.398262 
0.563109 -7.16953 -0.398531 
0.595896 -7.16591 -0.398803 
0.62771 -7.16244 -0.39908 
0.658628 -7.15908 -0.399359 
0.688728 -7.15585 -0.399641 
0.718089 -7.15272 -0.399926 
0.746787 -7.1497 -0.400213 
0.774901 -7.14677 -0.400502 
0.802508 -7.14392 -0.400791 
0.829687 -7.14115 -0.401082 
0.856516 -7.13845 -0.401373 
0.883072 -7.13581 -0.401664 
0.909433 -7.13322 -0.401955 
0.935677 -7.13068 -0.402245 
0.961883 -7.12817 -0.402534 
0.988127 -7.1257 -0.402821 
1.01449 -7.12324 -0.403106 
1.04104 -7.12079 -0.403389 
1.06787 -7.11836 -0.403669 
1.09505 -7.11591 -0.403946 
1.12266 -7.11346 -0.404219 
1.15077 -7.11098 -0.404488 
1.17947 -7.10848 -0.404753 
1.20883 -7.10594 -0.405013 
1.23893 -7.10336 -0.405268 
1.26985 -7.10073 -0.405517 
1.30167 -7.09803 -0.40576 
1.33445 -7.09527 -0.405997 
1.36829 -7.09243 -0.406227 
1.40326 -7.08951 -0.406449 
1.43944 -7.0865 -0.406664 
1.4769 -7.08338 -0.406871 
1.51573 -7.08016 -0.40707 
1.55599 -7.07682 -0.407259 
1.59778 -7.07336 -0.40744 
1.641 -7.06978 -0.407618 
1.68558 -7.06607 -0.407802 
1.73144 -7.06225 -0.407999 
1.7785 -7.05831 -0.408216 
1.82667 -7.05426 -0.40846 
1.87588 -7.0501 -0.40874 
1.92604 -7.04583 -0.409062 
1.97708 -7.04146 -0.409434 
2.02891 -7.03698 -0.409862 
2.08146 -7.0324 -0.410355 
2.13464 -7.02772 -0.41092 
2.18837 -7.02294 -0.411565 
2.24257 -7.01807 -0.412295 
2.29717 -7.01311 -0.41312 
2.35208 -7.00806 -0.414046 
2.40721 -7.00292 -0.41508 
2.46257 -6.9977 -0.416217 
2.51812 -6.9924 -0.417448 
2.57387 -6.98703 -0.418768 
2.62978 -6.98159 -0.420169 
2.68583 -6.97611 -0.421632 
2.74196 -6.97059 -0.423135 
2.79825 -6.96501 -0.424713 
2.85477 -6.95935 -0.426399 
2.91141 -6.95364 -0.42814 
2.96805 -6.94793 -0.429881 
3.02368 -6.94215 -0.431876 
3.07732 -6.93622 -0.434378 
3.12943 -6.93019 -0.437247 
3.18048 -6.92412 -0.440343 
3.22994 -6.91796 -0.443779 
3.27729 -6.91171 -0.447667 
3.32275 -6.90536 -0.45196 
3.36656 -6.89894 -0.456606 
3.40895 -6.89245 -0.461557 
3.45015 -6.8859 -0.466763 
3.49039 -6.8793 -0.472174 
3.5299 -6.87267 -0.477741 
3.56892 -6.86602 -0.483415 
3.60767 -6.85935 -0.489144 
3.64613 -6.85267 -0.494938 
3.68425 -6.84597 -0.500802 
3.72201 -6.83926 -0.506745 
3.75938 -6.83252 -0.512772 
3.79631 -6.82577 -0.518891 
3.83278 -6.81899 -0.52511 
3.86876 -6.81219 -0.531434 
3.90421 -6.80536 -0.537872 
3.93919 -6.79849 -0.544408 
3.97376 -6.79154 -0.551028 
4.00799 -6.78449 -0.557716 
4.04193 -6.77732 -0.564457 
4.07566 -6.77001 -0.571236 
4.10922 -6.76252 -0.578039 
4.14268 -6.75485 -0.58485 
4.17611 -6.74695 -0.591654 
4.20956 -6.73881 -0.598437 
4.24309 -6.73041 -0.605183 
4.27677 -6.72171 -0.611877 
4.31066 -6.7127 -0.618505 
4.34481 -6.70335 -0.625051 
4.3793 -6.69364 -0.6315 
4.41417 -6.68354 -0.637838 
4.4495 -6.67303 -0.644049 
4.48526 -6.66214 -0.650141 
4.52141 -6.65089 -0.656123 
4.55793 -6.6393 -0.662001 
4.59479 -6.6274 -0.667785 
4.63196 -6.61523 -0.673481 
4.66941 -6.60279 -0.679099 
4.70712 -6.59013 -0.684645 
4.74505 -6.57726 -0.690127 
4.78319 -6.5642 -0.695555 
4.82149 -6.551 -0.700935 
4.85993 -6.53767 -0.706275 
4.89849 -6.52423 -0.711583 
4.93713 -6.51072 -0.716868 
4.97583 -6.49715 -0.722137 
5.01456 -6.48356 -0.727398 
5.05328 -6.46997 -0.732659 
5.09202 -6.45635 -0.737926 
5.13076 -6.44268 -0.743203 
5.16952 -6.42891 -0.748497 
5.20831 -6.41502 -0.753813 
5.24712 -6.40099 -0.759157 
5.28597 -6.38678 -0.764534 
5.32486 -6.37237 -0.769949 
5.36379 -6.35772 -0.775408 
5.40278 -6.34281 -0.780916 
5.44182 -6.3276 -0.78648 
5.48093 -6.31206 -0.792104 
5.5201 -6.29618 -0.797794 
5.55935 -6.27991 -0.803555 
5.59868 -6.26323 -0.809394 
5.6381 -6.24611 -0.815315 
5.67761 -6.22851 -0.821324 
5.71719 -6.21048 -0.827416 
5.75681 -6.19205 -0.833587 
5.79645 -6.17325 -0.839832 
5.83609 -6.15412 -0.846146 
5.8757 -6.13469 -0.852524 
5.91527 -6.11499 -0.858961 
5.95475 -6.09507 -0.865454 
5.99414 -6.07495 -0.871996 
6.03341 -6.05467 -0.878584 
6.07253 -6.03426 -0.885213 
6.11148 -6.01376 -0.891878 
6.15024 -5.99321 -0.898573 
6.18878 -5.97263 -0.905296 
6.22707 -5.95206 -0.91204 
6.26511 -5.93154 -0.918801 
6.30285 -5.9111 -0.925574 
6.34029 -5.89075 -0.93236 
6.3774 -5.87049 -0.93916 
6.41417 -5.85032 -0.945974 
6.45058 -5.83025 -0.952804 
6.48661 -5.81029 -0.95965 
6.52224 -5.79044 -0.966513 
6.55746 -5.77071 -0.973393 
6.59224 -5.7511 -0.980292 
6.62657 -5.73161 -0.98721 
6.66044 -5.71226 -0.994148 
6.69381 -5.69304 -1.00111 
6.72668 -5.67397 -1.00809 
6.75903 -5.65504 -1.01509 
6.79083 -5.63626 -1.02211 
6.82208 -5.61763 -1.02916 
6.85275 -5.59917 -1.03624 
6.88285 -5.58086 -1.04335 
6.91242 -5.5627 -1.05052 
6.94147 -5.54466 -1.05775 
6.97002 -5.52675 -1.06507 
6.99809 -5.50895 -1.07249 
7.02569 -5.49126 -1.08003 
7.05285 -5.47366 -1.08769 
7.07959 -5.45614 -1.09549 
7.10592 -5.4387 -1.10346 
7.13187 -5.42132 -1.1116 
7.15745 -5.404 -1.11993 
7.18268 -5.38672 -1.12846 
7.20758 -5.36948 -1.1372 
7.23218 -5.35227 -1.14619 
7.25648 -5.33507 -1.15542 
7.28052 -5.31788 -1.16491 
7.3043 -5.30068 -1.17468 
7.32785 -5.28348 -1.18475 
7.35119 -5.26625 -1.19512 
7.37433 -5.24899 -1.20582 
7.3973 -5.23168 -1.21685 
7.42012 -5.21433 -1.22823 
7.44279 -5.19691 -1.23999 
7.46535 -5.17943 -1.25212 
7.48782 -5.16186 -1.26466 
7.5102 -5.14421 -1.2776 
7.53253 -5.12645 -1.29097 
7.55481 -5.10859 -1.30479 
7.57708 -5.09061 -1.31906 
7.59934 -5.07249 -1.3338 
7.62162 -5.05424 -1.34903 
7.64393 -5.03585 -1.36477 
7.66628 -5.01731 -1.38098 
7.68867 -4.99863 -1.39767 
7.71109 -4.97981 -1.41482 
7.73354 -4.96087 -1.4324 
7.75602 -4.9418 -1.4504 
7.77853 -4.92261 -1.46882 
7.80107 -4.90331 -1.48762 
7.82364 -4.88389 -1.5068 
7.84623 -4.86437 -1.52635 
7.86885 -4.84475 -1.54623 
7.89149 -4.82503 -1.56645 
7.91415 -4.80522 -1.58698 
7.93684 -4.78532 -1.60781 
7.95955 -4.76533 -1.62892 
7.98228 -4.74527 -1.65029 
8.00502 -4.72513 -1.67192 
8.0278 -4.70489 -1.69374 
8.05061 -4.68451 -1.71567 
8.07348 -4.66397 -1.73767 
8.09641 -4.64322 -1.75966 
8.11941 -4.62225 -1.78159 
8.14251 -4.60101 -1.80338 
8.16569 -4.57948 -1.82497 
8.18899 -4.55763 -1.84631 
8.21241 -4.53542 -1.86732 
8.23595 -4.51282 -1.88794 
8.25964 -4.4898 -1.90811 
8.28348 -4.46634 -1.92776 
8.30749 -4.44239 -1.94683 
8.33167 -4.41793 -1.96526 
8.35604 -4.39293 -1.98298 
8.38061 -4.36735 -1.99993 
8.40536 -4.34124 -2.01616 
8.43029 -4.31462 -2.03171 
8.45538 -4.28753 -2.04664 
8.48062 -4.26001 -2.06098 
8.50599 -4.2321 -2.0748 
8.53149 -4.20383 -2.08813 
8.5571 -4.17523 -2.10103 
8.5828 -4.14635 -2.11354 
8.6086 -4.11722 -2.12572 
8.63447 -4.08787 -2.13761 
8.6604 -4.05834 -2.14925 
8.68638 -4.02866 -2.1607 
8.7124 -3.99888 -2.17201 
8.73844 -3.96903 -2.18322 
8.76449 -3.93914 -2.19439 
8.79055 -3.90925 -2.20555 
8.8166 -3.87935 -2.21673 
8.84265 -3.8494 -2.22795 
8.86869 -3.8194 -2.23923 
8.89472 -3.78933 -2.25059 
8.92074 -3.75917 -2.26204 
8.94675 -3.72889 -2.27361 
8.97273 -3.69849 -2.28532 
8.9987 -3.66794 -2.29719 
9.02465 -3.63723 -2.30922 
9.05057 -3.60633 -2.32146 
9.07647 -3.57523 -2.3339 
9.10233 -3.54391 -2.34658 
9.12817 -3.51235 -2.35952 
9.15397 -3.48054 -2.37272 
9.17974 -3.44845 -2.38622 
9.20547 -3.41606 -2.40003 
9.23116 -3.3834 -2.41413 
9.25682 -3.35049 -2.4285 
9.28244 -3.31733 -2.44313 
9.30804 -3.28396 -2.45799 
9.33361 -3.25038 -2.47306 
9.35916 -3.21662 -2.48833 
9.38468 -3.18269 -2.50377 
9.41019 -3.14862 -2.51937 
9.43568 -3.11442 -2.53511 
9.46115 -3.08011 -2.55096 
9.48662 -3.04571 -2.56691 
9.51207 -3.01123 -2.58293 
9.53752 -2.9767 -2.59902 
9.56296 -2.94213 -2.61514 
9.5884 -2.90755 -2.63128 
9.61383 -2.87296 -2.64743 
9.63927 -2.83838 -2.66357 
9.66471 -2.80379 -2.67972 
9.69015 -2.7692 -2.69586 
9.71559 -2.73462 -2.712 
9.74103 -2.70003 -2.72815 
9.76647 -2.66545 -2.74429 
9.79191 -2.63086 -2.76043 
9.81734 -2.59627 -2.77658 
9.84278 -2.56169 -2.79272 
9.86822 -2.5271 -2.80886 
9.89366 -2.49252 -2.82501 
9.9191 -2.45793 -2.84115 
9.94454 -2.42334 -2.85729 
9.96998 -2.38876 -2.87344 
9.99542 -2.35417 -2.88958 

