-8 -8 0 0 0 0
-8.75548 -7.01345 -2.03838 -0.497205 0.390773 2.98551
-8.7134 -6.9122 -1.86641 -0.0525275 -0.439337 2.08985
-8.54113 -6.63168 -2.5042 -0.224159 0.51944 1.49275
-8.23457 -6.42545 -2.62475 -0.309564 0.0975155 1.1942
-8.12229 -6.34903 -2.40942 -0.113944 -0.443232 1.1942
-7.94011 -6.20054 -2.55428 -0.262611 0.182696 0.895652
-7.25016 -5.50175 -2.08697 -0.414862 -0.140552 2.38841
-7.20974 -5.43052 -1.94544 -0.274322 -0.478284 0.298551
-7.2047 -5.41795 -1.96555 -0.0151269 0.418894 0.895652
-7.19841 -5.40282 -1.96265 -0.0182886 -0.0530811 0.895652
-7.92921 -5.66672 2.37826 0.435968 -0.568981 2.08985
-8.27694 -5.35609 2.45809 0.22317 0.0513048 2.08985
-8.27502 -5.35765 2.46295 -0.0041488 -0.531707 0.597101
-8.32357 -5.31827 2.45634 0.029912 -0.0316952 2.08985
-8.58065 -4.26622 0.98006 0.496692 -0.357307 2.38841
-8.50591 -4.15681 0.945541 0.221911 -0.0779962 0.597101
-8.4035 -3.74767 1.80054 0.161792 0.533053 2.68696
-8.44024 -3.61684 1.93261 0.151824 0.283516 0.895652
-8.46465 -3.55236 1.88687 0.230916 -0.196468 0.298551
-8.46692 -3.54542 1.89782 0.0244663 0.422591 0.298551
-8.52574 -3.29178 1.60042 0.291663 -0.329115 0.895652
-8.5384 -3.14758 1.77425 0.161797 0.345423 0.895652
-8.54306 -3.12416 1.7528 0.0266545 -0.263233 0.895652
-8.72207 -2.23151 1.78917 0.381208 0.0119816 2.38841
-8.74259 -2.15593 1.92947 0.0875059 0.492841 0.895652
-9.03727 -1.4961 2.06752 0.269155 0.0572022 2.68696
-9.13432 -0.987291 1.34826 0.253167 -0.38724 2.08985
-9.12401 -0.337875 1.82065 0.274443 0.212926 2.38841
-9.168 0.16452 1.44144 0.242739 -0.220607 2.08985
-9.17328 0.130932 1.3703 -0.0284772 0.560413 1.1942
-9.04089 0.86529 1.42562 0.49994 0.0222335 1.49275
-9.01127 1.1159 1.50822 0.281823 0.0978575 0.895652
-9.00988 1.13931 1.51565 0.0157144 0.0946902 1.49275
-9.00385 1.22589 1.48281 0.036336 -0.113038 2.38841
-9.00539 1.20931 1.46466 -0.027883 0.31597 0.597101
-9.05885 0.989316 1.11193 -0.190503 0.435378 1.1942
-9.19496 1.84161 2.5007 0.348215 0.418931 2.68696
-9.07 1.73821 2.34958 -0.181246 0.272335 0.895652
-8.92696 1.57779 2.14716 -0.360423 0.275028 0.597101
-9.22186 2.58546 1.4805 0.447714 -0.184894 2.38841
-9.21171 2.67248 1.41189 0.0733752 -0.230721 1.1942
-9.28197 3.21262 2.18054 0.466816 0.392211 1.1942
-9.18193 2.8989 1.50318 -0.124895 0.544477 2.68696
-9.17404 2.64864 1.76745 -0.210238 -0.305866 1.1942
-9.21171 3.05894 1.52719 0.172923 -0.172778 2.38841
-9.20802 3.1431 1.52675 0.0470246 -0.0015794 1.7913
-9.153 3.42432 1.07928 0.322322 -0.435261 0.895652
-9.32956 4.10351 2.86932 0.447738 0.590006 1.7913
-9.07905 4.06401 -2.95033 -0.4276 -0.498729 0.597101
-8.28544 4.14621 3.1372 -0.267667 0.0733199 2.98551
-8.17272 4.13806 2.9564 -0.0947537 0.446993 1.1942
-8.03896 4.1128 2.95197 -0.151986 0.00976141 0.895652
-8.01549 4.1083 2.95904 -0.0800319 -0.0886082 0.298551
-8.43351 4.35667 2.15086 0.209144 -0.451878 2.38841
-8.45267 4.38782 2.0794 0.0245009 -0.530182 1.49275
-8.53372 4.49801 2.36196 0.051076 0.553306 2.68696
-8.34238 4.07409 1.44405 -0.322334 0.519805 1.49275
-8.04465 4.8266 0.844054 0.458429 -0.215782 1.7913
-7.68769 5.21757 0.81384 0.221669 -0.0171186 2.38841
-7.35097 5.42483 0.114969 0.337502 -0.47967 1.1942
-7.22029 5.43992 0.260344 0.440611 0.320138 0.298551
-7.18055 5.45051 0.25943 0.13777 -0.00666917 0.298551
-7.57291 5.09535 1.45003 -0.375485 -0.567357 1.49275
-7.45273 5.51714 1.05802 0.295619 -0.260448 1.49275
-6.99127 5.82925 -0.100342 0.39403 -0.533636 1.49275
-6.88061 5.81577 -0.163038 0.124483 -0.167124 0.895652
-7.11282 5.81446 0.211766 -0.0782326 -0.448669 2.98551
-6.74771 6.02057 1.01749 0.360156 0.512013 1.1942
-6.66993 6.13386 0.904598 0.0657907 -0.241518 2.08985
-6.53443 6.2898 0.707936 0.346405 -0.277859 0.597101
-6.45858 6.35565 0.726675 0.0841114 0.0559065 1.1942
-6.10595 6.61907 0.499762 0.369318 -0.15314 1.1942
-6.26398 6.4852 0.956577 -0.0777455 -0.580604 2.68696
-6.30529 6.42663 1.04121 -0.240077 -0.340435 0.298551
-6.04306 6.8162 0.873544 0.393669 -0.106587 1.1942
-5.59682 7.65538 1.34272 0.356955 0.145712 2.68696
-5.05626 8.51501 0.56509 0.498105 -0.220466 2.08985
-4.22964 8.65739 -0.311631 0.290067 -0.294862 2.98551
-4.00973 8.59372 -0.237028 0.153405 0.0974259 1.49275
-3.63276 8.33469 -1.21044 0.397569 -0.551427 1.1942
-3.43673 9.07143 -2.62854 -0.347147 0.474077 2.38841
-2.83339 9.67859 -1.9857 -0.416566 -0.218004 2.08985
-2.80016 9.7553 -1.96133 -0.140016 -0.0872199 0.597101
-2.59102 10.2686 -1.95309 -0.23205 -0.00446168 2.38841
-2.82623 9.9445 -2.68974 0.456191 -0.495809 0.895652
-2.72924 9.99512 -2.62482 -0.0366501 -0.176149 2.98551
-2.01273 9.90866 2.22543 -0.292724 0.500191 2.68696
-1.98243 9.86843 2.20279 -0.0337377 0.134007 1.49275
-1.97611 9.8598 2.19577 -0.0358278 0.194479 0.298551
-1.64804 9.18388 1.79186 -0.361922 0.158855 2.08985
-1.64533 8.88964 1.26226 -0.199348 0.490408 1.49275
-1.65334 8.86451 1.20531 -0.0883464 0.574775 0.298551
-1.1814 9.29124 0.130631 0.279448 -0.449995 2.38841
-0.967106 9.29859 -0.254803 0.360778 -0.492625 0.597101
-0.456145 9.28122 0.275173 0.288684 0.298285 1.7913
-0.0979522 9.47899 0.963094 0.464947 0.460108 0.895652
0.607046 9.71179 -0.46836 0.271023 -0.487929 2.98551
0.905125 9.34035 -1.49116 0.277484 -0.553051 1.7913
0.901578 9.19202 -1.80178 0.166261 -0.559164 0.895652
1.28233 9.60308 -3.09214 -0.401596 0.573372 1.49275
1.60138 9.58786 2.9725 -0.11911 0.202064 2.68696
2.03688 9.44638 2.63414 -0.220136 0.217163 2.08985
2.13539 9.39161 2.71215 -0.377532 -0.204727 0.298551
3.0614 9.20883 -3.03489 -0.399892 -0.16684 2.38841
3.3578 9.19698 2.80831 -0.333577 0.416017 0.895652
3.35887 9.19661 2.80623 -0.00379565 0.504033 0.298551
3.51764 9.13267 2.67962 -0.143417 0.218244 1.1942
3.59197 9.09977 2.79275 -0.0544794 -0.395361 1.49275
3.84883 8.98571 2.62012 -0.188499 0.182011 1.49275
3.94764 8.9267 2.57956 -0.0642535 0.105339 1.7913
4.16469 8.76776 2.41624 -0.128865 0.179959 2.08985
4.18145 8.75322 2.44482 -0.0185846 -0.368604 1.1942
4.97736 8.39502 3.08387 -0.424683 -0.212745 2.08985
5.58202 8.42617 -2.92632 -0.406813 -0.134053 1.49275
6.00465 8.5937 -2.53723 -0.255352 -0.249859 1.7913
6.51153 8.66803 2.67551 -0.256998 0.538887 2.08985
6.80951 8.50239 2.55172 -0.380859 0.108441 0.895652
6.82549 8.49176 2.56091 -0.0214233 -0.142647 0.895652
7.73572 8.23043 -3.01971 -0.462402 -0.214746 2.08985
8.8941 8.43433 -2.90005 -0.492747 -0.0304931 2.38841
8.16349 8.11322 -2.49744 0.384412 0.14923 2.08985
7.95498 7.86584 -1.98821 0.121704 0.437035 2.68696
7.84728 7.68957 -2.29402 0.0992182 -0.416557 2.08985
7.92018 7.76468 -2.48288 -0.175487 0.495684 0.597101
8.30862 7.8886 2.9255 -0.281687 0.557976 1.49275
7.97833 7.9293 3.13322 0.111667 0.184783 2.98551
7.97536 7.92932 3.13608 0.00198729 0.282352 1.49275
7.98766 7.92927 3.13953 -0.0137286 -0.0838328 0.895652
8.00573 7.92924 3.14011 -0.00672488 -0.00957839 2.68696
8.00383 7.92924 -3.14031 0.00159292 0.411499 1.1942
8.00071 7.92923 3.14155 0.00348271 -0.126998 0.895652
