80 -400 0 0 0 0
142.26 -385.885 0.445879 2.02174 0.00692647 31.8416
146.669 -388.178 -1.40515 3.39341 -0.311126 47.7624
148.121 -377.529 -2.00746 -1.37086 0.0551404 7.96041
176.045 -403.575 0.506221 2.11311 0.0497732 23.8812
179.869 -404.095 -0.776559 4.32923 -0.300684 47.7624
186.499 -403.445 0.972199 -2.47329 0.226373 7.96041
189.728 -402.208 -0.240805 -3.1158 -0.318414 47.7624
188.488 -398.516 -2.25249 -2.94328 0.409217 55.7228
192.581 -401.23 1.08144 -2.90115 0.385105 23.8812
200.251 -403.79 -1.72562 4.40671 -0.239239 31.8416
204.135 -394.086 -2.17753 -0.441455 0.0428417 23.8812
217.867 -364.015 -1.82078 -0.417509 -0.0107344 79.6041
223.034 -360.891 2.90826 -3.11456 0.228197 71.6437
223.754 -361.202 2.5593 3.51411 0.417022 15.9208
231.863 -363.711 3.12372 -1.08065 -0.0655211 7.96041
235.642 -305.295 -0.111341 2.38166 -0.0341154 39.802
275.849 -280.206 1.22711 1.07045 0.0261741 47.7624
280.127 -282.027 -2.03186 -0.651556 -0.405623 55.7228
287.146 -283.978 1.48946 4.56903 0.26332 7.96041
292.821 -267.066 1.00467 0.25147 -0.0269031 71.6437
292.694 -264.873 2.25312 -0.563628 0.489201 79.6041
305.326 -267.961 -2.7325 2.24667 -0.092662 23.8812
310.494 -268.75 2.42953 1.41377 0.200668 39.802
316.017 -270.891 3.11398 -4.77117 -0.112816 47.7624
314.148 -259.434 0.351114 2.95858 -0.167628 55.7228
312.432 -255.984 -2.56963 3.4523 0.476197 47.7624
313.731 -241.222 -0.747593 2.6278 -0.106236 15.9208
319.621 -241.225 0.746446 -3.01467 0.226738 15.9208
323.834 -239.88 -0.128189 -1.18259 -0.189227 23.8812
325.921 -241.347 -1.09784 4.09209 -0.350328 63.6832
343.683 -214.137 3.08281 -4.94381 0.0533772 7.96041
346.057 -216.232 1.75472 0.159926 0.371197 79.6041
350.082 -217.288 -2.26806 -2.83208 -0.410129 47.7624
351.417 -213.478 -1.5475 -1.56411 -0.172907 71.6437
360.34 -197.4 -2.60747 -2.42184 0.0549285 7.96041
374.816 -192.529 -3.02654 -0.276132 0.0272306 55.7228
384.767 -204.568 1.26643 4.51122 0.107002 47.7624
387.767 -202.857 -0.229642 0.560615 -0.375242 63.6832
411.984 -216.641 -0.805305 1.18318 -0.0203715 23.8812
419.589 -213.036 1.69078 2.44699 0.22166 15.9208
427.874 -215.167 -2.19441 3.34716 -0.214475 39.802
427.97 -213.205 -1.04566 2.00996 -0.505277 15.9208
428.883 -209.584 -2.58978 3.70572 0.357601 7.96041
426.089 -204.997 0.542358 -1.05888 -0.356448 23.8812
426.293 -202.052 2.46097 -0.988415 0.506476 7.96041
425.496 -198.987 1.18924 4.26994 -0.358829 55.7228
426.77 -197.662 0.421545 -2.12642 -0.386881 71.6437
420.668 -188.54 -2.38395 -3.17739 0.177778 15.9208
421.327 -185.386 -1.1699 -0.443354 -0.340294 47.7624
421.166 -183.481 -1.80269 0.242383 0.314597 71.6437
429.681 -186.012 1.22475 0.338417 0.221096 39.802
432.246 -184.755 -0.313454 -1.22406 -0.453186 7.96041
430.678 -180.431 -2.13262 -2.63305 0.330588 15.9208
427.197 -174.047 -0.0104894 -4.38557 -0.235604 79.6041
430.356 -172.724 0.803469 0.0552969 0.227162 63.6832
430.853 -171.204 1.7062 -3.78973 0.499345 23.8812
431.35 -164.086 1.29601 0.902612 -0.05703 7.96041
431.461 -162.633 1.69254 2.95814 0.263904 39.802
489.444 -147.563 -1.18398 1.09206 -0.0330788 79.6041
489.895 -145 -2.30546 -0.344706 0.388001 7.96041
493.886 -142.698 -2.93146 -4.50312 0.132862 63.6832
495.354 -138.744 -0.921127 -4.57441 -0.380785 7.96041
497.393 -139.846 -0.07052 0.946819 0.34205 39.802
504.102 -143.944 -1.02605 0.342083 -0.116442 23.8812
503.933 -141.525 -1.97578 -1.66334 0.360582 71.6437
495.401 -132.907 0.395025 3.42054 -0.151656 79.6041
496.393 -131.955 1.13523 -4.48057 0.484166 63.6832
497.761 -130.033 0.768894 0.600927 -0.153248 71.6437
500.644 -129.229 -0.224654 -0.913148 -0.308279 39.802
492.353 -111.303 -2.05052 -4.51282 0.0799595 39.802
488.921 -106.691 0.188535 1.62292 -0.303387 7.96041
485.983 -82.6294 -3.08717 4.58956 0.0821374 7.96041
488.756 -83.5375 2.45403 -3.55097 0.243604 7.96041
495.39 -74.5483 -0.584059 3.29941 -0.176903 47.7624
497.079 -80.0516 -1.96199 0.26125 -0.21738 23.8812
500.082 -82.2001 0.719785 1.56747 0.485374 71.6437
500.437 -81.9331 0.569085 -4.07013 -0.326669 63.6832
501.8 -80.9221 0.707551 -3.19125 0.0813604 47.7624
501.189 -81.2693 0.326503 3.79728 0.494517 79.6041
499.724 -81.118 -0.532299 -0.190838 0.51455 7.96041
499.697 -81.1021 -0.525092 4.02996 -0.224621 47.7624
499.2 -80.8329 -0.467398 -4.30667 -0.10166 71.6437
499.205 -80.8355 -0.466538 0.000181379 0.147833 31.8416
500.786 -81.0806 0.159012 3.32495 0.367133 39.802
499.979 -81.1003 -0.110124 1.13618 0.320989 15.9208
500.936 -80.9392 0.443785 0.0411555 0.51323 23.8812
500.675 -81.0555 0.393672 3.37403 0.173466 63.6832
500.179 -81.3632 0.717066 4.71443 -0.504119 79.6041
501.086 -79.6278 1.46086 -1.73051 0.355359 47.7624
501.079 -80.153 1.65407 -0.276875 -0.352022 63.6832
501.072 -79.9446 1.55523 3.33403 -0.442665 55.7228
501.07 -80.0599 1.55353 -0.0144876 0.0147162 7.96041
