80 -400 0 
80.5127 -399.501 0.010346 
81.0279 -399 0.0206807 
81.548 -398.495 0.0309927 
82.0754 -397.982 0.0412707 
82.6126 -397.461 0.0515034 
83.162 -396.928 0.0616793 
83.7262 -396.381 0.0717872 
84.3074 -395.818 0.0818157 
84.9082 -395.236 0.0917535 
85.5311 -394.634 0.101589 
86.1784 -394.009 0.111311 
86.8526 -393.358 0.120909 
87.5562 -392.68 0.130371 
88.2917 -391.972 0.139685 
89.0613 -391.232 0.14884 
89.8677 -390.457 0.157825 
90.7132 -389.646 0.166629 
91.6004 -388.795 0.17524 
92.5315 -387.903 0.183647 
93.5092 -386.967 0.191838 
94.5358 -385.985 0.199802 
95.6138 -384.955 0.207529 
96.7456 -383.874 0.215006 
97.9337 -382.741 0.222222 
99.1806 -381.552 0.229166 
100.489 -380.305 0.235826 
101.86 -378.999 0.242192 
103.298 -377.631 0.248251 
104.804 -376.198 0.253993 
106.381 -374.698 0.259406 
108.032 -373.13 0.264478 
109.758 -371.49 0.269199 
111.563 -369.776 0.273558 
113.441 -367.994 0.277576 
115.388 -366.147 0.281276 
117.398 -364.24 0.284682 
119.467 -362.278 0.287815 
121.59 -360.265 0.290699 
123.762 -358.207 0.293357 
125.978 -356.107 0.29581 
128.233 -353.97 0.298081 
130.522 -351.801 0.300194 
132.841 -349.604 0.302171 
135.184 -347.384 0.304034 
137.547 -345.146 0.305807 
139.963 -342.857 0.30733 
142.468 -340.486 0.308445 
145.095 -337.999 0.308993 
147.878 -335.365 0.308815 
150.74 -332.658 0.308274 
153.759 -329.803 0.307007 
156.777 -326.948 0.305741 
159.796 -324.093 0.304474 
162.789 -321.27 0.303321 
165.733 -318.51 0.302396 
168.602 -315.845 0.301812 
171.371 -313.307 0.301683 
174.053 -310.88 0.301952 
176.66 -308.547 0.302562 
179.205 -306.294 0.303457 
181.7 -304.104 0.304579 
184.133 -301.993 0.305985 
186.491 -299.976 0.307733 
188.762 -298.071 0.309879 
190.933 -296.292 0.31248 
193.011 -294.632 0.315499 
195.003 -293.083 0.318897 
196.915 -291.635 0.322639 
198.753 -290.283 0.326685 
200.525 -289.016 0.331 
202.238 -287.828 0.335545 
203.896 -286.71 0.340283 
205.509 -285.654 0.345176 
207.081 -284.652 0.350188 
208.619 -283.696 0.35528 
210.131 -282.779 0.360415 
211.623 -281.891 0.365556 
213.101 -281.025 0.370666 
214.572 -280.173 0.375707 
216.043 -279.326 0.380641 
217.52 -278.478 0.385431 
219.004 -277.626 0.390068 
220.495 -276.773 0.394543 
221.994 -275.916 0.398848 
223.5 -275.057 0.402972 
225.015 -274.195 0.406907 
226.538 -273.33 0.410645 
228.071 -272.461 0.414176 
229.613 -271.589 0.417491 
231.165 -270.713 0.42058 
232.727 -269.834 0.423436 
234.3 -268.95 0.42605 
235.884 -268.063 0.428411 
237.479 -267.172 0.430511 
239.086 -266.276 0.432342 
240.706 -265.376 0.433893 
242.338 -264.471 0.435157 
243.981 -263.562 0.436147 
245.636 -262.649 0.436877 
247.299 -261.733 0.437362 
248.971 -260.814 0.437615 
250.651 -259.892 0.437651 
252.336 -258.968 0.437483 
254.027 -258.043 0.437126 
255.722 -257.116 0.436594 
257.42 -256.187 0.4359 
259.12 -255.258 0.43506 
260.82 -254.329 0.434087 
262.521 -253.4 0.432995 
264.221 -252.472 0.431798 
265.918 -251.545 0.43051 
267.612 -250.618 0.429146 
269.301 -249.694 0.427719 
270.985 -248.772 0.426244 
272.663 -247.852 0.424734 
274.332 -246.935 0.423204 
275.994 -246.021 0.421668 
277.645 -245.112 0.42014 
279.286 -244.206 0.418634 
280.914 -243.304 0.417163 
282.53 -242.408 0.415743 
284.132 -241.517 0.414388 
285.719 -240.631 0.41311 
287.289 -239.752 0.411925 
288.843 -238.879 0.410846 
290.378 -238.013 0.409888 
291.894 -237.154 0.409065 
293.389 -236.303 0.40839 
294.863 -235.459 0.407878 
296.317 -234.624 0.407531 
297.752 -233.795 0.407351 
299.168 -232.973 0.407341 
300.568 -232.158 0.407502 
301.952 -231.348 0.407836 
303.322 -230.544 0.408346 
304.678 -229.745 0.409035 
306.022 -228.95 0.409903 
307.356 -228.16 0.410954 
308.679 -227.373 0.412189 
309.994 -226.59 0.41361 
311.302 -225.809 0.415221 
312.603 -225.031 0.417022 
313.899 -224.255 0.419017 
315.191 -223.48 0.421206 
316.48 -222.706 0.423593 
317.768 -221.933 0.42618 
319.055 -221.161 0.428969 
320.343 -220.388 0.431961 
321.633 -219.614 0.435159 
322.926 -218.84 0.438566 
324.223 -218.064 0.442183 
325.526 -217.286 0.446012 
326.835 -216.505 0.450057 
328.152 -215.722 0.454318 
329.477 -214.936 0.458798 
330.813 -214.146 0.4635 
332.16 -213.352 0.468424 
333.519 -212.553 0.473575 
334.892 -211.75 0.478953 
336.28 -210.941 0.484561 
337.683 -210.126 0.490401 
339.103 -209.306 0.496452 
340.537 -208.479 0.502696 
341.987 -207.646 0.50911 
343.451 -206.806 0.515676 
344.931 -205.96 0.522372 
346.424 -205.107 0.529179 
347.932 -204.247 0.536076 
349.453 -203.379 0.543044 
350.989 -202.505 0.550061 
352.537 -201.622 0.557108 
354.099 -200.733 0.564164 
355.673 -199.835 0.571209 
357.26 -198.929 0.578223 
358.86 -198.015 0.585186 
360.471 -197.093 0.592077 
362.094 -196.162 0.598876 
363.729 -195.223 0.605564 
365.376 -194.274 0.612118 
367.033 -193.317 0.61852 
368.701 -192.35 0.62475 
370.38 -191.374 0.630786 
372.069 -190.388 0.636609 
373.768 -189.393 0.642198 
375.477 -188.388 0.647534 
377.195 -187.373 0.652595 
378.923 -186.347 0.657362 
380.66 -185.311 0.661815 
382.406 -184.264 0.665933 
384.16 -183.207 0.669696 
385.922 -182.139 0.673083 
387.693 -181.059 0.676075 
389.471 -179.969 0.678652 
391.257 -178.867 0.680825 
393.05 -177.755 0.682609 
394.85 -176.633 0.684016 
396.657 -175.501 0.685059 
398.471 -174.359 0.685751 
400.291 -173.208 0.686106 
402.116 -172.049 0.686135 
403.948 -170.881 0.685853 
405.786 -169.705 0.685272 
407.628 -168.521 0.684405 
409.476 -167.329 0.683266 
411.329 -166.131 0.681866 
413.186 -164.926 0.68022 
415.048 -163.715 0.67834 
416.914 -162.497 0.676239 
418.783 -161.274 0.67393 
420.656 -160.044 0.671557 
422.53 -158.802 0.669263 
424.404 -157.548 0.667193 
426.277 -156.28 0.665491 
428.148 -154.993 0.664299 
430.016 -153.688 0.663762 
431.879 -152.36 0.664024 
433.737 -151.008 0.665228 
435.587 -149.629 0.667518 
437.429 -148.221 0.671038 
439.262 -146.782 0.675931 
441.084 -145.31 0.682342 
442.895 -143.801 0.690415 
444.692 -142.254 0.700292 
446.476 -140.667 0.712118 
448.243 -139.036 0.726037 
449.997 -137.365 0.741917 
451.737 -135.657 0.759629 
453.464 -133.913 0.77904 
455.18 -132.138 0.800021 
456.885 -130.333 0.822441 
458.58 -128.501 0.846169 
460.267 -126.644 0.871073 
461.946 -124.767 0.897024 
463.619 -122.87 0.923891 
465.285 -120.958 0.951542 
466.947 -119.032 0.979847 
468.605 -117.095 1.00867 
470.26 -115.15 1.0379 
471.913 -113.2 1.06738 
473.565 -111.247 1.09699 
475.218 -109.294 1.1266 
476.87 -107.341 1.15622 
478.522 -105.388 1.18583 
480.174 -103.435 1.21544 
481.826 -101.482 1.24505 
483.478 -99.5292 1.27467 
485.131 -97.5763 1.30428 
486.783 -95.6234 1.33389 
488.435 -93.6704 1.36351 
490.087 -91.7175 1.39312 
491.739 -89.7646 1.42273 
493.391 -87.8117 1.45234 
495.044 -85.8588 1.48196 
496.696 -83.9058 1.51157 
498.348 -81.9529 1.54118 
500 -80 1.5708 

