0.000 0.000 0.000 0.000
0.500 -0.022 -0.046 0.054
1.000 -0.044 -0.093 0.108
1.500 -0.066 -0.139 0.162
2.000 -0.088 -0.186 0.216
2.500 -0.110 -0.232 0.270
3.000 -0.131 -0.279 0.324
3.500 -0.153 -0.325 0.378
4.000 -0.175 -0.372 0.432
4.500 -0.197 -0.418 0.486
5.000 -0.219 -0.465 0.540
5.500 -0.241 -0.511 0.594
6.000 -0.263 -0.558 0.648
6.500 -0.285 -0.604 0.701
7.000 -0.307 -0.651 0.755
7.500 -0.329 -0.697 0.809
8.000 -0.350 -0.743 0.863
8.500 -0.372 -0.790 0.917
9.000 -0.394 -0.837 0.971
9.500 -0.415 -0.887 1.024
10.000 -0.436 -0.939 1.077
10.500 -0.455 -0.994 1.128
11.000 -0.474 -1.055 1.179
11.500 -0.491 -1.121 1.227
12.000 -0.507 -1.193 1.275
12.500 -0.520 -1.273 1.320
13.000 -0.532 -1.361 1.363
13.500 -0.541 -1.459 1.403
14.000 -0.548 -1.566 1.441
14.500 -0.552 -1.685 1.476
15.000 -0.553 -1.816 1.508
15.500 -0.551 -1.960 1.537
16.000 -0.545 -2.117 1.562
16.500 -0.536 -2.290 1.582
17.000 -0.524 -2.476 1.600
17.500 -0.508 -2.675 1.614
18.000 -0.489 -2.885 1.625
18.500 -0.467 -3.106 1.633
19.000 -0.443 -3.337 1.638
19.500 -0.417 -3.576 1.642
20.000 -0.389 -3.822 1.643
20.500 -0.358 -4.074 1.642
21.000 -0.327 -4.331 1.640
21.500 -0.293 -4.592 1.637
22.000 -0.259 -4.857 1.633
22.500 -0.224 -5.123 1.628
23.000 -0.188 -5.389 1.623
23.500 -0.152 -5.656 1.618
24.000 -0.115 -5.921 1.613
24.500 -0.079 -6.183 1.608
25.000 -0.042 -6.443 1.604
25.500 -0.006 -6.700 1.600
26.000 0.031 -6.954 1.596
26.500 0.067 -7.205 1.593
27.000 0.104 -7.453 1.591
27.500 0.140 -7.697 1.589
28.000 0.177 -7.938 1.588
28.500 0.213 -8.175 1.588
29.000 0.250 -8.408 1.588
29.500 0.286 -8.637 1.588
30.000 0.322 -8.862 1.590
30.500 0.359 -9.082 1.592
31.000 0.395 -9.298 1.595
31.500 0.431 -9.509 1.598
32.000 0.467 -9.715 1.603
32.500 0.504 -9.917 1.608
33.000 0.540 -10.113 1.614
33.500 0.576 -10.305 1.621
34.000 0.612 -10.492 1.628
34.500 0.648 -10.675 1.637
35.000 0.684 -10.852 1.646
35.500 0.721 -11.026 1.656
36.000 0.757 -11.196 1.666
36.500 0.793 -11.361 1.678
37.000 0.829 -11.523 1.690
37.500 0.865 -11.680 1.703
38.000 0.902 -11.834 1.716
38.500 0.938 -11.984 1.730
39.000 0.974 -12.131 1.745
39.500 1.011 -12.274 1.760
40.000 1.047 -12.414 1.776
40.500 1.084 -12.551 1.793
41.000 1.120 -12.684 1.811
41.500 1.157 -12.815 1.829
42.000 1.194 -12.943 1.847
42.500 1.230 -13.068 1.866
43.000 1.267 -13.190 1.886
43.500 1.304 -13.310 1.906
44.000 1.341 -13.428 1.927
44.500 1.379 -13.543 1.949
45.000 1.416 -13.656 1.971
45.500 1.453 -13.767 1.993
46.000 1.491 -13.876 2.016
46.500 1.528 -13.983 2.040
47.000 1.566 -14.088 2.064
47.500 1.604 -14.192 2.088
48.000 1.642 -14.294 2.113
48.500 1.680 -14.395 2.139
49.000 1.719 -14.495 2.164
49.500 1.758 -14.592 2.191
50.000 1.797 -14.689 2.217
50.500 1.836 -14.783 2.244
51.000 1.876 -14.877 2.272
51.500 1.916 -14.968 2.299
52.000 1.957 -15.057 2.327
52.500 1.999 -15.145 2.355
53.000 2.042 -15.231 2.384
53.500 2.085 -15.315 2.412
54.000 2.129 -15.396 2.441
54.500 2.174 -15.476 2.470
55.000 2.220 -15.554 2.499
55.500 2.267 -15.629 2.528
56.000 2.315 -15.703 2.558
56.500 2.365 -15.774 2.587
57.000 2.415 -15.842 2.616
57.500 2.467 -15.909 2.646
58.000 2.520 -15.972 2.675
58.500 2.575 -16.034 2.704
59.000 2.631 -16.093 2.733
59.500 2.689 -16.149 2.763
60.000 2.749 -16.202 2.791
60.500 2.810 -16.253 2.820
61.000 2.873 -16.301 2.849
61.500 2.938 -16.346 2.877
62.000 3.004 -16.389 2.906
62.500 3.073 -16.428 2.933
63.000 3.144 -16.465 2.961
63.500 3.217 -16.498 2.988
64.000 3.292 -16.529 3.015
64.500 3.369 -16.556 3.042
65.000 3.448 -16.580 3.068
65.500 3.530 -16.601 3.094
66.000 3.615 -16.618 3.120
66.500 3.702 -16.632 -3.138
67.000 3.792 -16.643 -3.114
67.500 3.885 -16.651 -3.089
68.000 3.981 -16.655 -3.066
68.500 4.080 -16.656 -3.043
69.000 4.183 -16.653 -3.020
69.500 4.289 -16.647 -2.998
70.000 4.398 -16.637 -2.976
70.500 4.512 -16.624 -2.955
71.000 4.628 -16.608 -2.934
71.500 4.749 -16.587 -2.914
72.000 4.874 -16.563 -2.895
72.500 5.003 -16.535 -2.876
73.000 5.136 -16.504 -2.858
73.500 5.274 -16.469 -2.840
74.000 5.416 -16.430 -2.823
74.500 5.562 -16.387 -2.807
75.000 5.714 -16.341 -2.792
75.500 5.870 -16.291 -2.777
76.000 6.031 -16.236 -2.763
76.500 6.197 -16.178 -2.749
77.000 6.369 -16.116 -2.737
77.500 6.546 -16.050 -2.725
78.000 6.728 -15.980 -2.714
78.500 6.916 -15.905 -2.703
79.000 7.109 -15.827 -2.694
79.500 7.308 -15.745 -2.685
80.000 7.514 -15.658 -2.677
80.500 7.725 -15.567 -2.671
81.000 7.942 -15.472 -2.664
81.500 8.165 -15.373 -2.659
82.000 8.393 -15.271 -2.655
82.500 8.626 -15.165 -2.651
83.000 8.865 -15.055 -2.648
83.500 9.108 -14.941 -2.645
84.000 9.356 -14.825 -2.644
84.500 9.609 -14.705 -2.643
85.000 9.866 -14.583 -2.642
85.500 10.127 -14.457 -2.643
86.000 10.392 -14.329 -2.643
86.500 10.661 -14.198 -2.645
87.000 10.934 -14.065 -2.646
87.500 11.210 -13.929 -2.649
88.000 11.489 -13.791 -2.651
88.500 11.771 -13.651 -2.655
89.000 12.055 -13.510 -2.658
89.500 12.341 -13.369 -2.661
90.000 12.629 -13.229 -2.663
90.500 12.916 -13.092 -2.664
91.000 13.204 -12.958 -2.664
91.500 13.490 -12.828 -2.661
92.000 13.775 -12.705 -2.657
92.500 14.057 -12.588 -2.650
93.000 14.337 -12.479 -2.640
93.500 14.614 -12.379 -2.627
94.000 14.886 -12.289 -2.610
94.500 15.153 -12.211 -2.589
95.000 15.414 -12.145 -2.563
95.500 15.670 -12.092 -2.533
96.000 15.919 -12.054 -2.498
96.500 16.160 -12.032 -2.456
97.000 16.394 -12.024 -2.410
97.500 16.622 -12.030 -2.359
98.000 16.844 -12.049 -2.303
98.500 17.061 -12.079 -2.244
99.000 17.272 -12.120 -2.181
99.500 17.480 -12.170 -2.115
100.000 17.683 -12.229 -2.046
100.500 17.883 -12.296 -1.975
101.000 18.081 -12.369 -1.902
101.500 18.276 -12.447 -1.827
102.000 18.469 -12.530 -1.751
102.500 18.662 -12.617 -1.675
103.000 18.853 -12.706 -1.598
103.500 19.044 -12.796 -1.522
104.000 19.236 -12.887 -1.446
104.500 19.428 -12.978 -1.371
105.000 19.622 -13.067 -1.297
105.500 19.816 -13.156 -1.224
106.000 20.012 -13.245 -1.153
106.500 20.208 -13.332 -1.082
107.000 20.406 -13.419 -1.013
107.500 20.604 -13.505 -0.945
108.000 20.804 -13.590 -0.878
108.500 21.006 -13.674 -0.813
109.000 21.208 -13.758 -0.750
109.500 21.412 -13.840 -0.688
110.000 21.617 -13.921 -0.627
110.500 21.824 -14.001 -0.569
111.000 22.033 -14.081 -0.512
111.500 22.243 -14.159 -0.456
112.000 22.454 -14.236 -0.403
112.500 22.668 -14.311 -0.352
113.000 22.883 -14.386 -0.302
113.500 23.098 -14.458 -0.254
114.000 23.314 -14.528 -0.208
114.500 23.531 -14.596 -0.164
115.000 23.747 -14.661 -0.121
115.500 23.963 -14.723 -0.079
116.000 24.178 -14.782 -0.039
116.500 24.392 -14.837 0.000
117.000 24.604 -14.889 0.038
117.500 24.814 -14.935 0.075
118.000 25.021 -14.978 0.111
118.500 25.226 -15.015 0.146
119.000 25.427 -15.047 0.180
119.500 25.626 -15.074 0.214
120.000 25.820 -15.095 0.246
120.500 26.010 -15.109 0.279
121.000 26.195 -15.117 0.310
121.500 26.376 -15.119 0.342
122.000 26.550 -15.113 0.373
122.500 26.720 -15.100 0.404
123.000 26.883 -15.079 0.435
123.500 27.039 -15.051 0.465
124.000 27.189 -15.014 0.496
124.500 27.331 -14.968 0.527
125.000 27.466 -14.914 0.558
125.500 27.593 -14.850 0.590
126.000 27.712 -14.776 0.621
126.500 27.821 -14.693 0.654
127.000 27.922 -14.600 0.687
127.500 28.013 -14.496 0.720
128.000 28.095 -14.381 0.754
128.500 28.166 -14.256 0.789
129.000 28.227 -14.119 0.825
129.500 28.279 -13.973 0.862
130.000 28.321 -13.817 0.899
130.500 28.355 -13.651 0.938
131.000 28.381 -13.477 0.977
131.500 28.398 -13.295 1.017
132.000 28.408 -13.104 1.058
132.500 28.411 -12.907 1.100
133.000 28.407 -12.702 1.142
133.500 28.396 -12.491 1.186
134.000 28.380 -12.274 1.230
134.500 28.357 -12.052 1.275
135.000 28.329 -11.824 1.321
135.500 28.297 -11.592 1.368
136.000 28.259 -11.356 1.416
136.500 28.218 -11.116 1.464
137.000 28.172 -10.873 1.514
137.500 28.123 -10.627 1.564
138.000 28.071 -10.379 1.616
138.500 28.017 -10.129 1.668
139.000 27.959 -9.878 1.721
139.500 27.900 -9.626 1.775
140.000 27.840 -9.374 1.830
140.500 27.778 -9.122 1.886
141.000 27.715 -8.870 1.943
141.500 27.652 -8.619 2.000
142.000 27.588 -8.370 2.059
142.500 27.525 -8.123 2.118
143.000 27.463 -7.878 2.179
143.500 27.401 -7.636 2.240
144.000 27.341 -7.397 2.302
144.500 27.283 -7.162 2.366
145.000 27.227 -6.931 2.430
145.500 27.172 -6.703 2.495
146.000 27.119 -6.479 2.561
146.500 27.067 -6.258 2.627
147.000 27.017 -6.040 2.695
147.500 26.968 -5.826 2.763
148.000 26.921 -5.614 2.832
148.500 26.874 -5.405 2.902
149.000 26.830 -5.199 2.972
149.500 26.786 -4.996 3.043
150.000 26.744 -4.795 3.115
150.500 26.702 -4.596 -3.096
151.000 26.662 -4.400 -3.023
151.500 26.623 -4.206 -2.950
152.000 26.585 -4.014 -2.876
152.500 26.547 -3.823 -2.802
153.000 26.511 -3.635 -2.727
153.500 26.475 -3.448 -2.652
154.000 26.440 -3.263 -2.577
154.500 26.405 -3.079 -2.501
155.000 26.372 -2.896 -2.425
155.500 26.338 -2.715 -2.348
156.000 26.306 -2.535 -2.271
156.500 26.273 -2.355 -2.194
157.000 26.241 -2.177 -2.117
157.500 26.210 -1.999 -2.040
158.000 26.178 -1.822 -1.962
158.500 26.147 -1.645 -1.885
159.000 26.116 -1.469 -1.807
159.500 26.086 -1.293 -1.729
160.000 26.055 -1.117 -1.651
