0 0 0 0 0 0
1.91089 -3.72812 -2.1943 3.28975 -0.401742 1.57134
0.685007 -10.2518 -1.31879 4.36605 0.127037 1.57134
-1.8238 -15.6376 -2.69467 4.10022 -0.210566 1.57134
3.56061 -16.842 2.25455 -3.78907 0.220591 1.57134
6.14747 -18.9812 2.64671 -0.537963 -0.115563 6.28537
8.23295 -23.1814 1.4166 -3.1839 0.241292 1.57134
8.41682 -21.7099 1.47639 0.47237 0.0402918 3.14269
8.19782 -20.4519 2.00993 0.274341 0.391586 4.71403
7.9315 -16.4235 1.2637 2.63209 -0.178657 1.57134
10.104 -13.9611 0.432055 2.15309 -0.241232 1.57134
15.1307 -12.848 0.00379245 0.826124 -0.082361 6.28537
15.7439 -12.853 -0.0201635 0.195287 -0.0390471 3.14269
17.4627 -14.8305 -1.69038 0.469957 -0.514984 6.28537
20.5632 -17.8449 0.14775 3.1841 0.352353 1.57134
27.8843 -14.8461 0.629788 0.565364 0.0602677 14.1421
29.2741 -11.8429 1.64499 2.20109 0.285736 1.57134
27.2252 -7.52349 2.38245 1.55757 0.149658 3.14269
26.5331 -6.99723 2.60049 0.277441 0.245255 3.14269
29.1347 -6.86495 -2.49889 -1.38785 -0.404717 12.5707
22.9882 1.78601 0.592772 -1.16134 -0.186221 14.1421
25.5023 -1.27828 -2.36018 3.94922 -0.465518 10.9994
27.1856 -0.391845 -2.9536 -3.56251 0.298203 6.28537
26.4362 -0.720043 -2.50405 1.31178 0.498885 9.42806
26.6408 -0.580991 -2.58513 4.85318 0.31669 7.85671
26.0473 -0.817882 -2.93843 -3.43332 -0.502882 3.14269
25.9667 -0.832527 -2.98556 -1.72743 -0.521717 6.28537
26.1026 -0.81469 -3.0367 4.01269 0.357007 12.5707
26.1103 -0.813882 -3.03795 -0.000989945 0.15903 7.85671
26.2123 -0.804611 -3.06393 -0.00652274 0.248435 15.7134
25.8601 -0.808659 3.08691 4.30886 -0.359147 7.85671
25.8572 -0.8085 3.08769 0.00187109 0.257741 1.57134
25.88 -0.809769 3.08428 -0.014546 0.147882 1.57134
26.0589 -0.810798 -3.09578 -3.50224 -0.522616 6.28537
26.1305 -0.808168 -3.11399 -0.0114097 0.24887 6.28537
26.1103 -0.808744 -3.11206 0.00183428 0.0958422 10.9994
25.9775 -0.809022 3.11624 2.16248 -0.391711 14.1421
26.021 -0.809786 3.13183 -0.00924072 -0.343864 4.71403
26.0731 -0.810009 -3.14038 -0.0041446 -0.207846 12.5707
26.0176 -0.810039 3.14145 0.00882503 -0.0244514 6.28537
