-8 -8 0 0 0 0
-7.79812 -7.97265 0.359065 0.171453 0.484312 1.1942
-7.41689 -7.81292 0.472162 0.461714 0.081863 0.895652
-7.40365 -7.80631 0.451624 0.00708386 -0.394385 2.08985
-7.31809 -7.77385 0.243894 0.0438669 -0.597026 2.08985
-6.63824 -7.62821 0.168785 0.291169 -0.03239 2.38841
-6.45906 -7.61177 -0.0115394 0.0862147 -0.291683 2.08985
-6.27604 -7.59911 0.310696 0.308235 0.483642 0.597101
-6.01643 -7.49573 0.583729 0.469086 0.284506 0.597101
-5.5391 -6.59231 1.72886 0.451722 0.308268 2.38841
-5.54885 -6.53117 1.80551 0.207352 0.355632 0.298551
-5.68834 -6.16679 2.1982 0.438121 0.29166 0.895652
-6.12005 -5.54598 2.15425 0.253298 -0.0174345 2.98551
-6.37511 -5.27388 2.54199 0.15712 0.300581 2.38841
-6.49505 -5.19189 2.24823 0.486622 -0.545259 0.298551
-6.6674 -4.90284 1.82891 0.378202 -0.355585 0.895652
-6.78893 -3.81953 1.49429 0.458517 -0.0914094 2.38841
-6.62258 -3.07715 1.1653 0.319953 -0.128442 2.38841
-6.56231 -2.89818 1.34459 0.0633382 0.277117 2.98551
-6.59067 -3.17376 1.63314 -0.133013 -0.301891 2.08985
-6.57018 -2.76752 1.38265 0.136599 -0.182222 2.98551
-6.56488 -2.73681 1.42828 0.0260939 0.413884 1.1942
-6.21162 -2.0264 0.662834 0.453608 -0.275425 1.7913
-6.09429 -1.93484 0.662077 0.249246 -0.0015259 0.597101
-6.31247 -2.03861 0.177358 -0.0817144 0.537522 2.98551
-6.18661 -2.0252 -0.107469 0.212515 -0.59264 0.597101
-6.06618 -2.03765 -0.095597 0.101385 0.0294093 1.1942
-6.64165 -1.25379 -1.96653 -0.37801 0.461522 2.98551
-6.53421 -1.04223 -2.18904 -0.265403 0.273761 0.895652
-6.94804 -1.28877 3.12518 0.239571 -0.526034 2.08985
-7.12128 -1.27919 3.00866 0.193815 -0.198716 0.895652
-7.80146 -0.634398 1.61809 0.340449 -0.38947 2.98551
-7.8125 -0.435149 1.64217 0.222807 0.0361949 0.895652
-7.69402 0.0886927 0.981132 0.203522 -0.347893 2.68696
-7.52331 0.289049 0.517021 0.44382 -0.483759 0.597101
-7.01508 0.56199 0.456584 0.386509 -0.031415 1.49275
-6.94372 0.597045 0.632876 0.266318 0.586969 0.298551
-6.89971 0.629324 0.74376 0.182801 0.547396 0.298551
-6.89611 0.632633 0.740766 0.00546207 -0.181558 0.895652
-7.64938 0.802721 -1.39888 -0.314889 0.599084 2.98551
-7.57115 1.34051 -2.13706 -0.265916 0.379209 2.08985
-7.02732 1.83447 -2.7604 -0.357182 0.245468 2.08985
-7.11753 1.79094 -2.5553 0.11201 0.550167 0.895652
-7.00528 1.86454 -2.57902 -0.22481 0.0529491 0.597101
-7.85771 2.36889 1.26674 0.429674 -0.51809 2.98551
-7.84326 2.41495 1.31122 0.161684 0.269698 0.298551
-7.5159 3.39989 1.1711 0.434914 -0.0404469 2.38841
-7.4782 3.48914 1.38495 0.32453 0.584877 0.298551
-7.40969 3.73005 1.15685 0.168132 -0.266179 1.49275
-7.39578 3.76273 1.18341 0.0132195 0.22064 2.68696
-7.43344 3.67044 0.958315 -0.333888 0.595418 0.298551
-7.16667 4.02499 0.860641 0.49557 -0.0659214 0.895652
-7.01034 4.28744 1.37939 0.344501 0.467141 0.895652
-6.92331 4.82511 1.4567 0.364963 0.0425459 1.49275
-6.92566 5.25524 1.74367 0.240932 0.196893 1.7913
-6.8269 6.55569 1.18415 0.491687 -0.126377 2.68696
-6.82834 5.99605 2.10592 -0.323439 -0.445314 1.7913
-6.9454 6.13544 2.4873 0.087615 0.558505 2.08985
-6.55464 5.80152 2.36993 -0.172264 0.0683628 2.98551
-6.53933 5.78657 2.36181 -0.0358354 0.113279 0.597101
-6.65891 6.51679 0.947254 0.299451 -0.485341 2.68696
-6.66986 6.50203 0.913279 -0.0087929 0.506415 2.08985
-6.43468 6.83316 1.03316 0.453712 0.088275 0.895652
-5.70784 7.22381 -0.262839 0.493578 -0.414294 1.7913
-5.45905 7.14774 -0.398313 0.435961 -0.154877 0.597101
-5.41474 7.1291 -0.420213 0.161018 -0.135828 0.298551
-5.69785 7.33034 -0.894811 -0.19569 0.385815 1.7913
-5.61797 8.09732 -2.64927 -0.326876 0.539881 2.68696
-5.18389 8.35114 -2.55119 -0.421223 -0.0584248 1.1942
-4.98461 8.48629 -2.52895 -0.403277 -0.0277054 0.597101
-4.52398 8.8213 -2.49258 -0.211986 -0.0191551 2.68696
-4.51203 8.83038 -2.49264 -0.0251395 0.00122938 0.597101
-4.24726 8.977 -2.81482 -0.113122 0.307881 2.68696
-4.09817 9.03805 -2.6664 -0.0900164 -0.26942 1.7913
-3.93479 9.10736 -2.88836 -0.19851 0.35835 0.895652
-3.72193 9.16068 -2.90902 -0.183754 0.0282286 1.1942
-3.03114 9.834 -1.70899 -0.34314 -0.337937 2.98551
-3.04052 9.76656 -1.73181 0.22807 -0.100215 0.298551
-2.889 10.1286 -2.28105 -0.190117 0.393121 2.08985
-2.66544 10.4358 -2.06456 -0.318746 -0.168988 1.1942
-2.33953 10.98 -2.17903 -0.425193 0.054048 1.49275
-2.39423 10.9059 -2.24486 0.0514422 -0.211127 1.7913
-2.34997 10.9613 -2.3114 -0.237522 0.27443 0.298551
-2.1889 11.1393 -2.29109 -0.402016 -0.0253838 0.597101
-1.7669 11.4311 -2.90499 -0.348929 0.339867 1.49275
-1.37013 11.4308 2.80846 -0.224441 0.401977 1.7913
-1.0463 11.3625 3.09533 -0.139029 -0.253588 2.38841
-0.481071 11.4295 -2.77756 -0.383871 -0.211589 1.49275
0.224597 11.354 2.43018 -0.311721 0.408917 2.38841
0.699865 10.9597 2.47725 -0.413738 -0.0228611 1.49275
0.741153 10.9274 2.47614 -0.087845 0.00634098 0.597101
0.757781 10.9141 2.45271 -0.0237464 0.319211 0.895652
0.414182 11.0751 -3.07832 0.432669 0.527287 0.895652
0.498056 11.084 -2.98385 -0.0314003 -0.324089 2.68696
0.612104 11.1021 -2.7732 -0.38681 -0.500715 0.298551
1.14988 11.3885 -2.50446 -0.204685 -0.131171 2.98551
1.38009 11.9847 -1.0915 -0.464421 -0.548788 1.49275
1.44716 11.8789 -0.877105 0.084059 0.47366 1.49275
1.63354 11.5985 -1.19851 0.377408 -0.277865 0.895652
1.70366 11.0618 -1.84487 0.460732 -0.338836 1.1942
1.6874 11.004 -1.90732 0.201156 -0.3024 0.298551
2.41345 11.4258 2.72393 -0.450344 0.484674 2.08985
2.44395 11.4129 2.7926 -0.0554741 -0.556357 0.597101
2.68588 11.3441 3.08115 -0.422314 -0.330688 0.597101
4.017 11.4367 -2.90971 -0.49835 -0.0653991 2.68696
4.76035 11.4131 2.75816 -0.361436 0.239685 2.08985
6.01845 11.0648 3.01007 -0.438397 -0.0576764 2.98551
6.15706 11.0465 -3.0857 -0.46832 -0.382335 0.298551
6.27298 11.0529 2.94176 -0.38889 0.583912 0.298551
6.73689 11.0639 -2.83067 -0.196383 -0.315754 2.38841
7.41632 11.0157 2.59351 -0.261363 0.351699 2.68696
8.06165 10.6897 2.79433 -0.485123 -0.0830009 1.49275
8.67807 10.5314 3.03408 -0.427323 -0.112283 1.49275
8.73347 10.5254 3.10998 -0.186633 -0.387932 0.298551
8.08831 10.4996 -3.01409 0.216499 0.0737176 2.98551
8.08208 10.4988 -3.02369 0.0210174 -0.430201 0.298551
8.71051 9.68126 0.963157 -0.433872 0.488791 2.98551
8.14189 9.41174 -0.193572 -0.222876 0.480715 2.98551
8.29952 9.38065 -0.196248 0.0896931 -0.00499653 1.7913
8.12307 9.41176 -0.109214 -0.300134 -0.144677 0.597101
8.82646 8.74951 -1.58593 0.443093 -0.39645 2.38841
8.76682 8.32549 -1.87075 0.179878 -0.196324 2.38841
9.05478 8.6785 -2.89559 -0.397611 0.574617 1.1942
9.00939 8.66758 -2.9346 0.0782026 -0.245624 0.597101
8.75327 8.66089 2.9144 0.144127 -0.467258 1.7913
8.34701 8.65275 -2.62704 0.463071 0.492442 0.895652
8.20397 8.56615 -2.50769 0.280168 0.210838 0.597101
8.17683 8.5462 -2.51588 0.112819 -0.0727591 0.298551
8.30565 8.62023 -2.76577 -0.0831584 0.466264 1.7913
8.17631 8.5709 -2.79447 0.0927383 -0.0621133 1.49275
8.16366 8.56632 -2.81743 0.0450757 -0.473042 0.298551
8.15853 8.5646 -2.81955 0.0181089 -0.117334 0.298551
8.1729 8.5694 -2.83923 -0.0507349 0.371564 0.298551
8.15956 8.56524 -2.844 0.0468113 -0.102079 0.298551
8.24335 8.59094 -3.03386 -0.293576 0.576286 0.298551
8.16654 8.58079 -2.98002 0.0324424 0.205526 2.38841
8.14761 8.57771 -2.96827 0.064237 0.181706 0.298551
8.22695 8.58685 -3.1148 -0.0535448 0.502809 1.49275
8.14793 8.58625 3.1202 0.0529393 -0.18094 1.49275
8.13819 8.58646 3.12757 0.0326336 0.223404 0.298551
8.13357 8.58653 3.12687 0.00193649 -0.0457733 2.38841
8.14988 8.58636 3.13717 -0.00910755 -0.187272 1.7913
8.13685 8.58644 3.13227 0.0145534 -0.112394 0.895652
8.13467 8.58646 3.13545 0.00730536 0.412766 0.298551
8.1337 8.58646 3.13649 0.00107905 0.310436 0.895652
8.13563 8.58645 3.13753 -0.00322546 -0.161218 0.597101
8.13361 8.58646 3.13702 0.00168472 -0.0759428 1.1942
8.13352 8.58646 3.13719 7.60031e-05 0.509686 1.1942
8.13723 8.58645 -3.14128 -0.00414169 -0.364336 0.895652
8.1346 8.58645 -3.14061 0.00441474 0.0767467 0.597101
8.1336 8.58645 -3.14141 0.00333006 -0.237256 0.298551
8.13341 8.58645 3.14135 0.000645133 -0.591067 0.298551
