0 0
1.04834 1.0472
1.04834 1.0472
1.04834 1.0472
1.04834 1.0472
1.04834 1.0472
1.04834 1.0472
1.04834 1.0472
1.04834 1.0472
1.04834 1.0472
1.04834 1.0472
10 1.0472
10 1.0472
10 1.0472
10 1.0472
10 1.0472
10 1.0472
10 1.0472
10 1.0472
10 1.0472
10 1.0472
5.45333 1.0472
5.45333 1.0472
5.45333 1.0472
5.45333 1.0472
5.45333 1.0472
5.45333 1.0472
5.45333 1.0472
5.45333 1.0472
5.45333 1.0472
5.45333 1.0472
10 1.0472
10 1.0472
10 1.0472
10 1.0472
10 1.0472
10 1.0472
10 1.0472
10 1.0472
10 1.0472
10 1.0472
10 1.0472
10 1.0472
10 1.0472
10 1.0472
10 1.0472
10 1.0472
10 1.0472
10 1.0472
10 1.0472
10 1.0472
10 1.0472
10 1.0472
10 1.0472
10 1.0472
10 1.0472
10 1.0472
10 1.0472
10 1.0472
10 1.0472
10 1.0472
10 1.0472
10 1.0472
10 1.0472
10 1.0472
10 1.0472
10 1.0472
10 1.0472
10 1.0472
10 1.0472
10 1.0472
10 1.0472
10 1.0472
10 1.0472
10 1.0472
10 1.0472
10 1.0472
10 1.0472
10 1.0472
10 1.0472
10 1.0472
10 1.0472
10 1.0472
10 1.0472
10 1.0472
10 1.0472
10 1.0472
10 1.0472
10 1.0472
10 1.0472
10 1.0472
10 0.521231
10 0.521231
10 0.521231
10 0.521231
10 0.521231
10 0.521231
10 0.521231
10 0.521231
10 0.521231
10 0.521231
8.72816 -1.0472
8.72816 -1.0472
8.72816 -1.0472
8.72816 -1.0472
8.72816 -1.0472
8.72816 -1.0472
8.72816 -1.0472
8.72816 -1.0472
8.72816 -1.0472
8.72816 -1.0472
10 -1.0472
10 -1.0472
10 -1.0472
10 -1.0472
10 -1.0472
10 -1.0472
10 -1.0472
10 -1.0472
10 -1.0472
10 -1.0472
9.52223 -1.0472
9.52223 -1.0472
9.52223 -1.0472
9.52223 -1.0472
9.52223 -1.0472
9.52223 -1.0472
9.52223 -1.0472
9.52223 -1.0472
9.52223 -1.0472
9.52223 -1.0472
8.12435 -1.0472
8.12435 -1.0472
8.12435 -1.0472
8.12435 -1.0472
8.12435 -1.0472
8.12435 -1.0472
8.12435 -1.0472
8.12435 -1.0472
8.12435 -1.0472
8.12435 -1.0472
7.69685 -1.0472
7.69685 -1.0472
7.69685 -1.0472
7.69685 -1.0472
7.69685 -1.0472
7.69685 -1.0472
7.69685 -1.0472
7.69685 -1.0472
7.69685 -1.0472
7.69685 -1.0472
6.94258 -0.0266544
6.94258 -0.0266544
6.94258 -0.0266544
6.94258 -0.0266544
6.94258 -0.0266544
6.94258 -0.0266544
6.94258 -0.0266544
6.94258 -0.0266544
6.94258 -0.0266544
6.94258 -0.0266544
3.4681 1.0472
3.4681 1.0472
3.4681 1.0472
3.4681 1.0472
3.4681 1.0472
3.4681 1.0472
3.4681 1.0472
3.4681 1.0472
3.4681 1.0472
3.4681 1.0472
9.45908 1.0472
9.45908 1.0472
9.45908 1.0472
9.45908 1.0472
9.45908 1.0472
9.45908 1.0472
9.45908 1.0472
9.45908 1.0472
9.45908 1.0472
9.45908 1.0472
7.85394 1.0472
7.85394 1.0472
7.85394 1.0472
7.85394 1.0472
7.85394 1.0472
7.85394 1.0472
7.85394 1.0472
7.85394 1.0472
7.85394 1.0472
7.85394 1.0472
7.32714 0.584281
7.32714 0.584281
7.32714 0.584281
7.32714 0.584281
7.32714 0.584281
7.32714 0.584281
7.32714 0.584281
7.32714 0.584281
7.32714 0.584281
7.32714 0.584281
6.2292 -1.0472
6.2292 -1.0472
6.2292 -1.0472
6.2292 -1.0472
6.2292 -1.0472
6.2292 -1.0472
6.2292 -1.0472
6.2292 -1.0472
6.2292 -1.0472
6.2292 -1.0472
7.12992 -1.0472
7.12992 -1.0472
7.12992 -1.0472
7.12992 -1.0472
7.12992 -1.0472
7.12992 -1.0472
7.12992 -1.0472
7.12992 -1.0472
7.12992 -1.0472
7.12992 -1.0472
6.93938 -0.915404
6.93938 -0.915404
6.93938 -0.915404
6.93938 -0.915404
6.93938 -0.915404
6.93938 -0.915404
6.93938 -0.915404
6.93938 -0.915404
6.93938 -0.915404
6.93938 -0.915404
6.66211 0.477012
6.66211 0.477012
6.66211 0.477012
6.66211 0.477012
6.66211 0.477012
6.66211 0.477012
6.66211 0.477012
6.66211 0.477012
6.66211 0.477012
6.66211 0.477012
6.27022 1.0472
6.27022 1.0472
6.27022 1.0472
6.27022 1.0472
6.27022 1.0472
6.27022 1.0472
6.27022 1.0472
6.27022 1.0472
6.27022 1.0472
6.27022 1.0472
6.94325 1.0472
6.94325 1.0472
6.94325 1.0472
6.94325 1.0472
6.94325 1.0472
6.94325 1.0472
6.94325 1.0472
6.94325 1.0472
6.94325 1.0472
6.94325 1.0472
6.58829 0.0120215
6.58829 0.0120215
6.58829 0.0120215
6.58829 0.0120215
6.58829 0.0120215
6.58829 0.0120215
6.58829 0.0120215
6.58829 0.0120215
6.58829 0.0120215
6.58829 0.0120215
6.00774 -1.0472
6.00774 -1.0472
6.00774 -1.0472
6.00774 -1.0472
6.00774 -1.0472
6.00774 -1.0472
6.00774 -1.0472
6.00774 -1.0472
6.00774 -1.0472
6.00774 -1.0472
7.04874 -1.0472
7.04874 -1.0472
7.04874 -1.0472
7.04874 -1.0472
7.04874 -1.0472
7.04874 -1.0472
7.04874 -1.0472
7.04874 -1.0472
7.04874 -1.0472
7.04874 -1.0472
6.60649 -0.633588
6.60649 -0.633588
6.60649 -0.633588
6.60649 -0.633588
6.60649 -0.633588
6.60649 -0.633588
6.60649 -0.633588
6.60649 -0.633588
6.60649 -0.633588
6.60649 -0.633588
6.27681 1.0472
6.27681 1.0472
6.27681 1.0472
6.27681 1.0472
6.27681 1.0472
6.27681 1.0472
6.27681 1.0472
6.27681 1.0472
6.27681 1.0472
6.27681 1.0472
6.34899 1.0016
6.34899 1.0016
6.34899 1.0016
6.34899 1.0016
6.34899 1.0016
6.34899 1.0016
6.34899 1.0016
6.34899 1.0016
6.34899 1.0016
6.34899 1.0016
6.32173 0.125467
6.32173 0.125467
6.32173 0.125467
6.32173 0.125467
6.32173 0.125467
6.32173 0.125467
6.32173 0.125467
6.32173 0.125467
6.32173 0.125467
6.32173 0.125467
6.02522 -1.0472
6.02522 -1.0472
6.02522 -1.0472
6.02522 -1.0472
6.02522 -1.0472
6.02522 -1.0472
6.02522 -1.0472
6.02522 -1.0472
6.02522 -1.0472
6.02522 -1.0472
6.3596 -0.804453
6.3596 -0.804453
6.3596 -0.804453
6.3596 -0.804453
6.3596 -0.804453
6.3596 -0.804453
6.3596 -0.804453
6.3596 -0.804453
6.3596 -0.804453
6.3596 -0.804453
6.17202 0.425449
6.17202 0.425449
6.17202 0.425449
6.17202 0.425449
6.17202 0.425449
6.17202 0.425449
6.17202 0.425449
6.17202 0.425449
6.17202 0.425449
6.17202 0.425449
6.04896 1.0472
6.04896 1.0472
6.04896 1.0472
6.04896 1.0472
6.04896 1.0472
6.04896 1.0472
6.04896 1.0472
6.04896 1.0472
6.04896 1.0472
6.04896 1.0472
6.13735 0.459384
6.13735 0.459384
6.13735 0.459384
6.13735 0.459384
6.13735 0.459384
6.13735 0.459384
6.13735 0.459384
6.13735 0.459384
6.13735 0.459384
6.13735 0.459384
5.96405 -1.0472
5.96405 -1.0472
5.96405 -1.0472
5.96405 -1.0472
5.96405 -1.0472
5.96405 -1.0472
5.96405 -1.0472
5.96405 -1.0472
5.96405 -1.0472
5.96405 -1.0472
6.05936 -0.68471
6.05936 -0.68471
6.05936 -0.68471
6.05936 -0.68471
6.05936 -0.68471
6.05936 -0.68471
6.05936 -0.68471
6.05936 -0.68471
6.05936 -0.68471
6.05936 -0.68471
6.05936 -0.68471
6.00853 1.03116
6.00853 1.03116
6.00853 1.03116
6.00853 1.03116
6.00853 1.03116
6.00853 1.03116
6.00853 1.03116
6.00853 1.03116
6.00853 1.03116
6.00853 1.03116
5.95472 0.482485
5.95472 0.482485
5.95472 0.482485
5.95472 0.482485
5.95472 0.482485
5.95472 0.482485
5.95472 0.482485
5.95472 0.482485
5.95472 0.482485
5.95472 0.482485
5.88525 -1.0472
5.88525 -1.0472
5.88525 -1.0472
5.88525 -1.0472
5.88525 -1.0472
5.88525 -1.0472
5.88525 -1.0472
5.88525 -1.0472
5.88525 -1.0472
5.88525 -1.0472
5.98794 -0.593735
5.98794 -0.593735
5.98794 -0.593735
5.98794 -0.593735
5.98794 -0.593735
5.98794 -0.593735
5.98794 -0.593735
5.98794 -0.593735
5.98794 -0.593735
5.98794 -0.593735
5.90691 1.0472
5.90691 1.0472
5.90691 1.0472
5.90691 1.0472
5.90691 1.0472
5.90691 1.0472
5.90691 1.0472
5.90691 1.0472
5.90691 1.0472
5.90691 1.0472
5.96222 0.536333
5.96222 0.536333
5.96222 0.536333
5.96222 0.536333
5.96222 0.536333
5.96222 0.536333
5.96222 0.536333
5.96222 0.536333
5.96222 0.536333
5.96222 0.536333
5.86404 -1.0472
5.86404 -1.0472
5.86404 -1.0472
5.86404 -1.0472
5.86404 -1.0472
5.86404 -1.0472
5.86404 -1.0472
5.86404 -1.0472
5.86404 -1.0472
5.86404 -1.0472
5.96548 -0.577316
5.96548 -0.577316
5.96548 -0.577316
5.96548 -0.577316
5.96548 -0.577316
5.96548 -0.577316
5.96548 -0.577316
5.96548 -0.577316
5.96548 -0.577316
5.96548 -0.577316
5.92137 1.0472
5.92137 1.0472
5.92137 1.0472
5.92137 1.0472
5.92137 1.0472
5.92137 1.0472
5.92137 1.0472
5.92137 1.0472
5.92137 1.0472
5.92137 1.0472
5.94432 0.469809
5.94432 0.469809
5.94432 0.469809
5.94432 0.469809
5.94432 0.469809
5.94432 0.469809
5.94432 0.469809
5.94432 0.469809
5.94432 0.469809
5.94432 0.469809
5.86261 -1.0472
5.86261 -1.0472
5.86261 -1.0472
5.86261 -1.0472
5.86261 -1.0472
5.86261 -1.0472
5.86261 -1.0472
5.86261 -1.0472
5.86261 -1.0472
5.86261 -1.0472
6.02104 -0.642649
6.02104 -0.642649
6.02104 -0.642649
6.02104 -0.642649
6.02104 -0.642649
6.02104 -0.642649
6.02104 -0.642649
6.02104 -0.642649
6.02104 -0.642649
6.02104 -0.642649
6.01605 1.0472
6.01605 1.0472
6.01605 1.0472
6.01605 1.0472
6.01605 1.0472
6.01605 1.0472
6.01605 1.0472
6.01605 1.0472
6.01605 1.0472
6.01605 1.0472
5.99034 0.487695
5.99034 0.487695
5.99034 0.487695
5.99034 0.487695
5.99034 0.487695
5.99034 0.487695
5.99034 0.487695
5.99034 0.487695
5.99034 0.487695
5.99034 0.487695
5.91404 -1.0472
5.91404 -1.0472
5.91404 -1.0472
5.91404 -1.0472
5.91404 -1.0472
5.91404 -1.0472
5.91404 -1.0472
5.91404 -1.0472
5.91404 -1.0472
5.91404 -1.0472
6.13496 -0.760456
6.13496 -0.760456
6.13496 -0.760456
6.13496 -0.760456
6.13496 -0.760456
6.13496 -0.760456
6.13496 -0.760456
6.13496 -0.760456
6.13496 -0.760456
6.13496 -0.760456
6.1494 0.931577
6.1494 0.931577
6.1494 0.931577
6.1494 0.931577
6.1494 0.931577
6.1494 0.931577
6.1494 0.931577
6.1494 0.931577
6.1494 0.931577
6.1494 0.931577
6.15138 0.491448
6.15138 0.491448
6.15138 0.491448
6.15138 0.491448
6.15138 0.491448
6.15138 0.491448
6.15138 0.491448
6.15138 0.491448
6.15138 0.491448
6.15138 0.491448
6.14785 -0.529804
6.14785 -0.529804
6.14785 -0.529804
6.14785 -0.529804
6.14785 -0.529804
6.14785 -0.529804
6.14785 -0.529804
6.14785 -0.529804
6.14785 -0.529804
6.14785 -0.529804
6.18445 -0.477889
6.18445 -0.477889
6.18445 -0.477889
6.18445 -0.477889
6.18445 -0.477889
6.18445 -0.477889
6.18445 -0.477889
6.18445 -0.477889
6.18445 -0.477889
6.18445 -0.477889
6.26888 0.197501
6.26888 0.197501
6.26888 0.197501
6.26888 0.197501
6.26888 0.197501
6.26888 0.197501
6.26888 0.197501
6.26888 0.197501
6.26888 0.197501
6.26888 0.197501
6.28736 0.133365
6.28736 0.133365
6.28736 0.133365
6.28736 0.133365
6.28736 0.133365
6.28736 0.133365
6.28736 0.133365
6.28736 0.133365
6.28736 0.133365
6.28736 0.133365
6.33917 -0.174708
6.33917 -0.174708
6.33917 -0.174708
6.33917 -0.174708
6.33917 -0.174708
6.33917 -0.174708
6.33917 -0.174708
6.33917 -0.174708
6.33917 -0.174708
6.33917 -0.174708
6.40869 -0.143169
6.40869 -0.143169
6.40869 -0.143169
6.40869 -0.143169
6.40869 -0.143169
6.40869 -0.143169
6.40869 -0.143169
6.40869 -0.143169
6.40869 -0.143169
6.40869 -0.143169
6.47394 -0.02854
6.47394 -0.02854
6.47394 -0.02854
6.47394 -0.02854
6.47394 -0.02854
6.47394 -0.02854
6.47394 -0.02854
6.47394 -0.02854
6.47394 -0.02854
6.47394 -0.02854
6.53073 -0.0243594
6.53073 -0.0243594
6.53073 -0.0243594
6.53073 -0.0243594
6.53073 -0.0243594
6.53073 -0.0243594
6.53073 -0.0243594
6.53073 -0.0243594
6.53073 -0.0243594
6.53073 -0.0243594
6.58768 -0.0626272
6.58768 -0.0626272
6.58768 -0.0626272
6.58768 -0.0626272
6.58768 -0.0626272
6.58768 -0.0626272
6.58768 -0.0626272
6.58768 -0.0626272
6.58768 -0.0626272
6.58768 -0.0626272
6.64796 -0.0529304
6.64796 -0.0529304
6.64796 -0.0529304
6.64796 -0.0529304
6.64796 -0.0529304
6.64796 -0.0529304
6.64796 -0.0529304
6.64796 -0.0529304
6.64796 -0.0529304
6.64796 -0.0529304
6.70349 -0.0456315
6.70349 -0.0456315
6.70349 -0.0456315
6.70349 -0.0456315
6.70349 -0.0456315
6.70349 -0.0456315
6.70349 -0.0456315
6.70349 -0.0456315
6.70349 -0.0456315
6.70349 -0.0456315
6.75765 -0.0389258
6.75765 -0.0389258
6.75765 -0.0389258
6.75765 -0.0389258
6.75765 -0.0389258
6.75765 -0.0389258
6.75765 -0.0389258
6.75765 -0.0389258
6.75765 -0.0389258
6.75765 -0.0389258
6.80963 -0.0423511
6.80963 -0.0423511
6.80963 -0.0423511
6.80963 -0.0423511
6.80963 -0.0423511
6.80963 -0.0423511
6.80963 -0.0423511
6.80963 -0.0423511
6.80963 -0.0423511
6.80963 -0.0423511
6.86075 -0.0364207
6.86075 -0.0364207
6.86075 -0.0364207
6.86075 -0.0364207
6.86075 -0.0364207
6.86075 -0.0364207
6.86075 -0.0364207
6.86075 -0.0364207
6.86075 -0.0364207
6.86075 -0.0364207
6.90935 -0.0371527
6.90935 -0.0371527
6.90935 -0.0371527
6.90935 -0.0371527
6.90935 -0.0371527
6.90935 -0.0371527
6.90935 -0.0371527
6.90935 -0.0371527
6.90935 -0.0371527
6.90935 -0.0371527
6.95611 -0.0322952
6.95611 -0.0322952
6.95611 -0.0322952
6.95611 -0.0322952
6.95611 -0.0322952
6.95611 -0.0322952
6.95611 -0.0322952
6.95611 -0.0322952
6.95611 -0.0322952
6.95611 -0.0322952
6.99865 -0.0322805
6.99865 -0.0322805
6.99865 -0.0322805
6.99865 -0.0322805
6.99865 -0.0322805
6.99865 -0.0322805
6.99865 -0.0322805
6.99865 -0.0322805
6.99865 -0.0322805
6.99865 -0.0322805
7.04486 -0.0265758
7.04486 -0.0265758
7.04486 -0.0265758
7.04486 -0.0265758
7.04486 -0.0265758
7.04486 -0.0265758
7.04486 -0.0265758
7.04486 -0.0265758
7.04486 -0.0265758
7.04486 -0.0265758
7.08595 -0.0303622
7.08595 -0.0303622
7.08595 -0.0303622
7.08595 -0.0303622
7.08595 -0.0303622
7.08595 -0.0303622
7.08595 -0.0303622
7.08595 -0.0303622
7.08595 -0.0303622
7.08595 -0.0303622
7.12189 -0.0239313
7.12189 -0.0239313
7.12189 -0.0239313
7.12189 -0.0239313
7.12189 -0.0239313
7.12189 -0.0239313
7.12189 -0.0239313
7.12189 -0.0239313
7.12189 -0.0239313
7.12189 -0.0239313
7.16383 -0.0235878
7.16383 -0.0235878
7.16383 -0.0235878
7.16383 -0.0235878
7.16383 -0.0235878
7.16383 -0.0235878
7.16383 -0.0235878
7.16383 -0.0235878
7.16383 -0.0235878
7.16383 -0.0235878
7.16383 -0.0235878
7.19515 -0.0232766
7.19515 -0.0232766
7.19515 -0.0232766
7.19515 -0.0232766
7.19515 -0.0232766
7.19515 -0.0232766
7.19515 -0.0232766
7.19515 -0.0232766
7.19515 -0.0232766
7.19515 -0.0232766
7.23088 -0.0200763
7.23088 -0.0200763
7.23088 -0.0200763
7.23088 -0.0200763
7.23088 -0.0200763
7.23088 -0.0200763
7.23088 -0.0200763
7.23088 -0.0200763
7.23088 -0.0200763
7.23088 -0.0200763
7.25945 -0.0191298
7.25945 -0.0191298
7.25945 -0.0191298
7.25945 -0.0191298
7.25945 -0.0191298
7.25945 -0.0191298
7.25945 -0.0191298
7.25945 -0.0191298
7.25945 -0.0191298
7.25945 -0.0191298
7.28954 -0.0175027
7.28954 -0.0175027
7.28954 -0.0175027
7.28954 -0.0175027
7.28954 -0.0175027
7.28954 -0.0175027
7.28954 -0.0175027
7.28954 -0.0175027
7.28954 -0.0175027
7.28954 -0.0175027
7.31596 -0.0164396
7.31596 -0.0164396
7.31596 -0.0164396
7.31596 -0.0164396
7.31596 -0.0164396
7.31596 -0.0164396
7.31596 -0.0164396
7.31596 -0.0164396
7.31596 -0.0164396
7.31596 -0.0164396
7.34058 -0.0159537
7.34058 -0.0159537
7.34058 -0.0159537
7.34058 -0.0159537
7.34058 -0.0159537
7.34058 -0.0159537
7.34058 -0.0159537
7.34058 -0.0159537
7.34058 -0.0159537
7.34058 -0.0159537
7.36494 -0.0103862
7.36494 -0.0103862
7.36494 -0.0103862
7.36494 -0.0103862
7.36494 -0.0103862
7.36494 -0.0103862
7.36494 -0.0103862
7.36494 -0.0103862
7.36494 -0.0103862
7.36494 -0.0103862
7.38745 -0.0238909
7.38745 -0.0238909
7.38745 -0.0238909
7.38745 -0.0238909
7.38745 -0.0238909
7.38745 -0.0238909
7.38745 -0.0238909
7.38745 -0.0238909
7.38745 -0.0238909
7.38745 -0.0238909
7.40879 -0.0144263
7.40879 -0.0144263
7.40879 -0.0144263
7.40879 -0.0144263
7.40879 -0.0144263
7.40879 -0.0144263
7.40879 -0.0144263
7.40879 -0.0144263
7.40879 -0.0144263
7.40879 -0.0144263
7.42514 0.0679701
7.42514 0.0679701
7.42514 0.0679701
7.42514 0.0679701
7.42514 0.0679701
7.42514 0.0679701
7.42514 0.0679701
7.42514 0.0679701
7.42514 0.0679701
7.42514 0.0679701
7.40513 -0.607244
7.40513 -0.607244
7.40513 -0.607244
7.40513 -0.607244
7.40513 -0.607244
7.40513 -0.607244
7.40513 -0.607244
7.40513 -0.607244
7.40513 -0.607244
7.40513 -0.607244
7.47068 0.671652
7.47068 0.671652
7.47068 0.671652
7.47068 0.671652
7.47068 0.671652
7.47068 0.671652
7.47068 0.671652
7.47068 0.671652
7.47068 0.671652
7.47068 0.671652
7.14078 1.0472
7.14078 1.0472
7.14078 1.0472
7.14078 1.0472
7.14078 1.0472
7.14078 1.0472
7.14078 1.0472
7.14078 1.0472
7.14078 1.0472
7.14078 1.0472
7.42734 0.0996177
7.42734 0.0996177
7.42734 0.0996177
7.42734 0.0996177
7.42734 0.0996177
7.42734 0.0996177
7.42734 0.0996177
7.42734 0.0996177
7.42734 0.0996177
7.42734 0.0996177
1.0657 -1.0472
1.0657 -1.0472
1.0657 -1.0472
1.0657 -1.0472
1.0657 -1.0472
1.0657 -1.0472
1.0657 -1.0472
1.0657 -1.0472
1.0657 -1.0472
1.0657 -1.0472
10 -1.0472
10 -1.0472
10 -1.0472
10 -1.0472
10 -1.0472
10 -1.0472
10 -1.0472
10 -1.0472
10 -1.0472
10 -1.0472
10 -1.0472
10 -1.0472
10 -1.0472
10 -1.0472
10 -1.0472
10 -1.0472
10 -1.0472
10 -1.0472
10 -1.0472
10 -1.0472
6.68094 -1.0472
6.68094 -1.0472
6.68094 -1.0472
6.68094 -1.0472
6.68094 -1.0472
6.68094 -1.0472
6.68094 -1.0472
6.68094 -1.0472
6.68094 -1.0472
6.68094 -1.0472
5.21592 -1.0472
5.21592 -1.0472
5.21592 -1.0472
5.21592 -1.0472
5.21592 -1.0472
5.21592 -1.0472
5.21592 -1.0472
5.21592 -1.0472
5.21592 -1.0472
5.21592 -1.0472
5.7152 -1.0472
5.7152 -1.0472
5.7152 -1.0472
5.7152 -1.0472
5.7152 -1.0472
5.7152 -1.0472
5.7152 -1.0472
5.7152 -1.0472
5.7152 -1.0472
5.7152 -1.0472
6.43371 -1.0472
6.43371 -1.0472
6.43371 -1.0472
6.43371 -1.0472
6.43371 -1.0472
6.43371 -1.0472
6.43371 -1.0472
6.43371 -1.0472
6.43371 -1.0472
6.43371 -1.0472
6.99134 -1.0472
6.99134 -1.0472
6.99134 -1.0472
6.99134 -1.0472
6.99134 -1.0472
6.99134 -1.0472
6.99134 -1.0472
6.99134 -1.0472
6.99134 -1.0472
6.99134 -1.0472
7.11252 -1.0472
7.11252 -1.0472
7.11252 -1.0472
7.11252 -1.0472
7.11252 -1.0472
7.11252 -1.0472
7.11252 -1.0472
7.11252 -1.0472
7.11252 -1.0472
7.11252 -1.0472
6.65995 -1.0472
6.65995 -1.0472
6.65995 -1.0472
6.65995 -1.0472
6.65995 -1.0472
6.65995 -1.0472
6.65995 -1.0472
6.65995 -1.0472
6.65995 -1.0472
6.65995 -1.0472
5.83391 -0.23755
5.83391 -0.23755
5.83391 -0.23755
5.83391 -0.23755
5.83391 -0.23755
5.83391 -0.23755
5.83391 -0.23755
5.83391 -0.23755
5.83391 -0.23755
5.83391 -0.23755
2.67291 1.0472
2.67291 1.0472
2.67291 1.0472
2.67291 1.0472
2.67291 1.0472
2.67291 1.0472
2.67291 1.0472
2.67291 1.0472
2.67291 1.0472
2.67291 1.0472
7.54422 1.0472
7.54422 1.0472
7.54422 1.0472
7.54422 1.0472
7.54422 1.0472
7.54422 1.0472
7.54422 1.0472
7.54422 1.0472
7.54422 1.0472
7.54422 1.0472
6.42276 1.0472
6.42276 1.0472
6.42276 1.0472
6.42276 1.0472
6.42276 1.0472
6.42276 1.0472
6.42276 1.0472
6.42276 1.0472
6.42276 1.0472
6.42276 1.0472
6.21604 1.0472
6.21604 1.0472
6.21604 1.0472
6.21604 1.0472
6.21604 1.0472
6.21604 1.0472
6.21604 1.0472
6.21604 1.0472
6.21604 1.0472
6.21604 1.0472
5.88934 1.0472
5.88934 1.0472
5.88934 1.0472
5.88934 1.0472
5.88934 1.0472
5.88934 1.0472
5.88934 1.0472
5.88934 1.0472
5.88934 1.0472
5.88934 1.0472
5.32853 -0.167632
5.32853 -0.167632
5.32853 -0.167632
5.32853 -0.167632
5.32853 -0.167632
5.32853 -0.167632
5.32853 -0.167632
5.32853 -0.167632
5.32853 -0.167632
5.32853 -0.167632
2.07386 -1.0472
2.07386 -1.0472
2.07386 -1.0472
2.07386 -1.0472
2.07386 -1.0472
2.07386 -1.0472
2.07386 -1.0472
2.07386 -1.0472
2.07386 -1.0472
2.07386 -1.0472
7.92644 -1.0472
7.92644 -1.0472
7.92644 -1.0472
7.92644 -1.0472
7.92644 -1.0472
7.92644 -1.0472
7.92644 -1.0472
7.92644 -1.0472
7.92644 -1.0472
7.92644 -1.0472
6.31055 -1.0472
6.31055 -1.0472
6.31055 -1.0472
6.31055 -1.0472
6.31055 -1.0472
6.31055 -1.0472
6.31055 -1.0472
6.31055 -1.0472
6.31055 -1.0472
6.31055 -1.0472
5.90938 -1.0472
5.90938 -1.0472
5.90938 -1.0472
5.90938 -1.0472
5.90938 -1.0472
5.90938 -1.0472
5.90938 -1.0472
5.90938 -1.0472
5.90938 -1.0472
5.90938 -1.0472
5.57268 -0.15526
5.57268 -0.15526
5.57268 -0.15526
5.57268 -0.15526
5.57268 -0.15526
5.57268 -0.15526
5.57268 -0.15526
5.57268 -0.15526
5.57268 -0.15526
5.57268 -0.15526
3.99333 1.0472
3.99333 1.0472
3.99333 1.0472
3.99333 1.0472
3.99333 1.0472
3.99333 1.0472
3.99333 1.0472
3.99333 1.0472
3.99333 1.0472
3.99333 1.0472
6.71933 1.0472
6.71933 1.0472
6.71933 1.0472
6.71933 1.0472
6.71933 1.0472
6.71933 1.0472
6.71933 1.0472
6.71933 1.0472
6.71933 1.0472
6.71933 1.0472
5.64809 1.0472
5.64809 1.0472
5.64809 1.0472
5.64809 1.0472
5.64809 1.0472
5.64809 1.0472
5.64809 1.0472
5.64809 1.0472
5.64809 1.0472
5.64809 1.0472
5.64809 1.0472
5.32036 0.290394
5.32036 0.290394
5.32036 0.290394
5.32036 0.290394
5.32036 0.290394
5.32036 0.290394
5.32036 0.290394
5.32036 0.290394
5.32036 0.290394
5.32036 0.290394
4.89906 -1.0472
4.89906 -1.0472
4.89906 -1.0472
4.89906 -1.0472
4.89906 -1.0472
4.89906 -1.0472
4.89906 -1.0472
4.89906 -1.0472
4.89906 -1.0472
4.89906 -1.0472
5.33535 -1.0472
5.33535 -1.0472
5.33535 -1.0472
5.33535 -1.0472
5.33535 -1.0472
5.33535 -1.0472
5.33535 -1.0472
5.33535 -1.0472
5.33535 -1.0472
5.33535 -1.0472
5.15041 -0.76855
5.15041 -0.76855
5.15041 -0.76855
5.15041 -0.76855
5.15041 -0.76855
5.15041 -0.76855
5.15041 -0.76855
5.15041 -0.76855
5.15041 -0.76855
5.15041 -0.76855
5.17411 1.0472
5.17411 1.0472
5.17411 1.0472
5.17411 1.0472
5.17411 1.0472
5.17411 1.0472
5.17411 1.0472
5.17411 1.0472
5.17411 1.0472
5.17411 1.0472
5.12539 0.5659
5.12539 0.5659
5.12539 0.5659
5.12539 0.5659
5.12539 0.5659
5.12539 0.5659
5.12539 0.5659
5.12539 0.5659
5.12539 0.5659
5.12539 0.5659
4.85302 -0.261145
4.85302 -0.261145
4.85302 -0.261145
4.85302 -0.261145
4.85302 -0.261145
4.85302 -0.261145
4.85302 -0.261145
4.85302 -0.261145
4.85302 -0.261145
4.85302 -0.261145
4.85085 -1.0472
4.85085 -1.0472
4.85085 -1.0472
4.85085 -1.0472
4.85085 -1.0472
4.85085 -1.0472
4.85085 -1.0472
4.85085 -1.0472
4.85085 -1.0472
4.85085 -1.0472
4.97826 -0.544981
4.97826 -0.544981
4.97826 -0.544981
4.97826 -0.544981
4.97826 -0.544981
4.97826 -0.544981
4.97826 -0.544981
4.97826 -0.544981
4.97826 -0.544981
4.97826 -0.544981
4.85117 1.0472
4.85117 1.0472
4.85117 1.0472
4.85117 1.0472
4.85117 1.0472
4.85117 1.0472
4.85117 1.0472
4.85117 1.0472
4.85117 1.0472
4.85117 1.0472
4.87468 0.743972
4.87468 0.743972
4.87468 0.743972
4.87468 0.743972
4.87468 0.743972
4.87468 0.743972
4.87468 0.743972
4.87468 0.743972
4.87468 0.743972
4.87468 0.743972
4.5559 -0.805599
4.5559 -0.805599
4.5559 -0.805599
4.5559 -0.805599
4.5559 -0.805599
4.5559 -0.805599
4.5559 -0.805599
4.5559 -0.805599
4.5559 -0.805599
4.5559 -0.805599
4.6178 -0.877031
4.6178 -0.877031
4.6178 -0.877031
4.6178 -0.877031
4.6178 -0.877031
4.6178 -0.877031
4.6178 -0.877031
4.6178 -0.877031
4.6178 -0.877031
4.6178 -0.877031
4.69824 -0.529511
4.69824 -0.529511
4.69824 -0.529511
4.69824 -0.529511
4.69824 -0.529511
4.69824 -0.529511
4.69824 -0.529511
4.69824 -0.529511
4.69824 -0.529511
4.69824 -0.529511
4.71622 1.0472
4.71622 1.0472
4.71622 1.0472
4.71622 1.0472
4.71622 1.0472
4.71622 1.0472
4.71622 1.0472
4.71622 1.0472
4.71622 1.0472
4.71622 1.0472
4.48764 0.239413
4.48764 0.239413
4.48764 0.239413
4.48764 0.239413
4.48764 0.239413
4.48764 0.239413
4.48764 0.239413
4.48764 0.239413
4.48764 0.239413
4.48764 0.239413
4.27146 -1.0472
4.27146 -1.0472
4.27146 -1.0472
4.27146 -1.0472
4.27146 -1.0472
4.27146 -1.0472
4.27146 -1.0472
4.27146 -1.0472
4.27146 -1.0472
4.27146 -1.0472
4.60401 -0.862557
4.60401 -0.862557
4.60401 -0.862557
4.60401 -0.862557
4.60401 -0.862557
4.60401 -0.862557
4.60401 -0.862557
4.60401 -0.862557
4.60401 -0.862557
4.60401 -0.862557
4.5692 0.269779
4.5692 0.269779
4.5692 0.269779
4.5692 0.269779
4.5692 0.269779
4.5692 0.269779
4.5692 0.269779
4.5692 0.269779
4.5692 0.269779
4.5692 0.269779
4.49222 1.0472
4.49222 1.0472
4.49222 1.0472
4.49222 1.0472
4.49222 1.0472
4.49222 1.0472
4.49222 1.0472
4.49222 1.0472
4.49222 1.0472
4.49222 1.0472
4.29887 0.41888
4.29887 0.41888
4.29887 0.41888
4.29887 0.41888
4.29887 0.41888
4.29887 0.41888
4.29887 0.41888
4.29887 0.41888
4.29887 0.41888
4.29887 0.41888
3.97488 -1.0472
3.97488 -1.0472
3.97488 -1.0472
3.97488 -1.0472
3.97488 -1.0472
3.97488 -1.0472
3.97488 -1.0472
3.97488 -1.0472
3.97488 -1.0472
3.97488 -1.0472
4.46589 -0.98478
4.46589 -0.98478
4.46589 -0.98478
4.46589 -0.98478
4.46589 -0.98478
4.46589 -0.98478
4.46589 -0.98478
4.46589 -0.98478
4.46589 -0.98478
4.46589 -0.98478
4.38979 -0.0956093
4.38979 -0.0956093
4.38979 -0.0956093
4.38979 -0.0956093
4.38979 -0.0956093
4.38979 -0.0956093
4.38979 -0.0956093
4.38979 -0.0956093
4.38979 -0.0956093
4.38979 -0.0956093
4.37021 1.0472
4.37021 1.0472
4.37021 1.0472
4.37021 1.0472
4.37021 1.0472
4.37021 1.0472
4.37021 1.0472
4.37021 1.0472
4.37021 1.0472
4.37021 1.0472
4.1319 0.61676
4.1319 0.61676
4.1319 0.61676
4.1319 0.61676
4.1319 0.61676
4.1319 0.61676
4.1319 0.61676
4.1319 0.61676
4.1319 0.61676
4.1319 0.61676
4.17362 0.383367
4.17362 0.383367
4.17362 0.383367
4.17362 0.383367
4.17362 0.383367
4.17362 0.383367
4.17362 0.383367
4.17362 0.383367
4.17362 0.383367
4.17362 0.383367
4.04516 -1.0472
4.04516 -1.0472
4.04516 -1.0472
4.04516 -1.0472
4.04516 -1.0472
4.04516 -1.0472
4.04516 -1.0472
4.04516 -1.0472
4.04516 -1.0472
4.04516 -1.0472
4.21984 -1.01277
4.21984 -1.01277
4.21984 -1.01277
4.21984 -1.01277
4.21984 -1.01277
4.21984 -1.01277
4.21984 -1.01277
4.21984 -1.01277
4.21984 -1.01277
4.21984 -1.01277
4.18678 -0.0915071
4.18678 -0.0915071
4.18678 -0.0915071
4.18678 -0.0915071
4.18678 -0.0915071
4.18678 -0.0915071
4.18678 -0.0915071
4.18678 -0.0915071
4.18678 -0.0915071
4.18678 -0.0915071
4.24529 1.0472
4.24529 1.0472
4.24529 1.0472
4.24529 1.0472
4.24529 1.0472
4.24529 1.0472
4.24529 1.0472
4.24529 1.0472
4.24529 1.0472
4.24529 1.0472
4.03837 0.90567
4.03837 0.90567
4.03837 0.90567
4.03837 0.90567
4.03837 0.90567
4.03837 0.90567
4.03837 0.90567
4.03837 0.90567
4.03837 0.90567
4.03837 0.90567
4.04496 -0.482402
4.04496 -0.482402
4.04496 -0.482402
4.04496 -0.482402
4.04496 -0.482402
4.04496 -0.482402
4.04496 -0.482402
4.04496 -0.482402
4.04496 -0.482402
4.04496 -0.482402
3.86082 -0.125456
3.86082 -0.125456
3.86082 -0.125456
3.86082 -0.125456
3.86082 -0.125456
3.86082 -0.125456
3.86082 -0.125456
3.86082 -0.125456
3.86082 -0.125456
3.86082 -0.125456
4.16787 -1.0472
4.16787 -1.0472
4.16787 -1.0472
4.16787 -1.0472
4.16787 -1.0472
4.16787 -1.0472
4.16787 -1.0472
4.16787 -1.0472
4.16787 -1.0472
4.16787 -1.0472
3.98648 -0.753528
3.98648 -0.753528
3.98648 -0.753528
3.98648 -0.753528
3.98648 -0.753528
3.98648 -0.753528
3.98648 -0.753528
3.98648 -0.753528
3.98648 -0.753528
3.98648 -0.753528
4.28963 0.117247
4.28963 0.117247
4.28963 0.117247
4.28963 0.117247
4.28963 0.117247
4.28963 0.117247
4.28963 0.117247
4.28963 0.117247
4.28963 0.117247
4.28963 0.117247
4.4068 1.0472
4.4068 1.0472
4.4068 1.0472
4.4068 1.0472
4.4068 1.0472
4.4068 1.0472
4.4068 1.0472
4.4068 1.0472
4.4068 1.0472
4.4068 1.0472
4.41703 0.644868
4.41703 0.644868
4.41703 0.644868
4.41703 0.644868
4.41703 0.644868
4.41703 0.644868
4.41703 0.644868
4.41703 0.644868
4.41703 0.644868
4.41703 0.644868
4.41703 0.644868
4.43846 -1.0472
4.43846 -1.0472
4.43846 -1.0472
4.43846 -1.0472
4.43846 -1.0472
4.43846 -1.0472
4.43846 -1.0472
4.43846 -1.0472
4.43846 -1.0472
4.43846 -1.0472
5.05744 -0.646509
5.05744 -0.646509
5.05744 -0.646509
5.05744 -0.646509
5.05744 -0.646509
5.05744 -0.646509
5.05744 -0.646509
5.05744 -0.646509
5.05744 -0.646509
5.05744 -0.646509
5.32988 0.0460229
5.32988 0.0460229
5.32988 0.0460229
5.32988 0.0460229
5.32988 0.0460229
5.32988 0.0460229
5.32988 0.0460229
5.32988 0.0460229
5.32988 0.0460229
5.32988 0.0460229
5.71489 1.0472
5.71489 1.0472
5.71489 1.0472
5.71489 1.0472
5.71489 1.0472
5.71489 1.0472
5.71489 1.0472
5.71489 1.0472
5.71489 1.0472
5.71489 1.0472
5.80462 0.0152029
5.80462 0.0152029
5.80462 0.0152029
5.80462 0.0152029
5.80462 0.0152029
5.80462 0.0152029
5.80462 0.0152029
5.80462 0.0152029
5.80462 0.0152029
5.80462 0.0152029
5.83071 -1.0472
5.83071 -1.0472
5.83071 -1.0472
5.83071 -1.0472
5.83071 -1.0472
5.83071 -1.0472
5.83071 -1.0472
5.83071 -1.0472
5.83071 -1.0472
5.83071 -1.0472
6.88473 -0.904256
6.88473 -0.904256
6.88473 -0.904256
6.88473 -0.904256
6.88473 -0.904256
6.88473 -0.904256
6.88473 -0.904256
6.88473 -0.904256
6.88473 -0.904256
6.88473 -0.904256
7.09005 0.119349
7.09005 0.119349
7.09005 0.119349
7.09005 0.119349
7.09005 0.119349
7.09005 0.119349
7.09005 0.119349
7.09005 0.119349
7.09005 0.119349
7.09005 0.119349
7.17501 1.0472
7.17501 1.0472
7.17501 1.0472
7.17501 1.0472
7.17501 1.0472
7.17501 1.0472
7.17501 1.0472
7.17501 1.0472
7.17501 1.0472
7.17501 1.0472
7.31113 0.574442
7.31113 0.574442
7.31113 0.574442
7.31113 0.574442
7.31113 0.574442
7.31113 0.574442
7.31113 0.574442
7.31113 0.574442
7.31113 0.574442
7.31113 0.574442
6.90985 -1.0472
6.90985 -1.0472
6.90985 -1.0472
6.90985 -1.0472
6.90985 -1.0472
6.90985 -1.0472
6.90985 -1.0472
6.90985 -1.0472
6.90985 -1.0472
6.90985 -1.0472
7.22903 -0.764213
7.22903 -0.764213
7.22903 -0.764213
7.22903 -0.764213
7.22903 -0.764213
7.22903 -0.764213
7.22903 -0.764213
7.22903 -0.764213
7.22903 -0.764213
7.22903 -0.764213
7.12706 0.630419
7.12706 0.630419
7.12706 0.630419
7.12706 0.630419
7.12706 0.630419
7.12706 0.630419
7.12706 0.630419
7.12706 0.630419
7.12706 0.630419
7.12706 0.630419
7.02058 1.0472
7.02058 1.0472
7.02058 1.0472
7.02058 1.0472
7.02058 1.0472
7.02058 1.0472
7.02058 1.0472
7.02058 1.0472
7.02058 1.0472
7.02058 1.0472
6.7659 0.245247
6.7659 0.245247
6.7659 0.245247
6.7659 0.245247
6.7659 0.245247
6.7659 0.245247
6.7659 0.245247
6.7659 0.245247
6.7659 0.245247
6.7659 0.245247
6.57008 -1.0472
6.57008 -1.0472
6.57008 -1.0472
6.57008 -1.0472
6.57008 -1.0472
6.57008 -1.0472
6.57008 -1.0472
6.57008 -1.0472
6.57008 -1.0472
6.57008 -1.0472
7.09141 -0.792554
7.09141 -0.792554
7.09141 -0.792554
7.09141 -0.792554
7.09141 -0.792554
7.09141 -0.792554
7.09141 -0.792554
7.09141 -0.792554
7.09141 -0.792554
7.09141 -0.792554
7.01384 0.662051
7.01384 0.662051
7.01384 0.662051
7.01384 0.662051
7.01384 0.662051
7.01384 0.662051
7.01384 0.662051
7.01384 0.662051
7.01384 0.662051
7.01384 0.662051
6.85144 0.649108
6.85144 0.649108
6.85144 0.649108
6.85144 0.649108
6.85144 0.649108
6.85144 0.649108
6.85144 0.649108
6.85144 0.649108
6.85144 0.649108
6.85144 0.649108
6.62103 0.721962
6.62103 0.721962
6.62103 0.721962
6.62103 0.721962
6.62103 0.721962
6.62103 0.721962
6.62103 0.721962
6.62103 0.721962
6.62103 0.721962
6.62103 0.721962
6.39859 -0.671127
6.39859 -0.671127
6.39859 -0.671127
6.39859 -0.671127
6.39859 -0.671127
6.39859 -0.671127
6.39859 -0.671127
6.39859 -0.671127
6.39859 -0.671127
6.39859 -0.671127
6.37305 -0.721656
6.37305 -0.721656
6.37305 -0.721656
6.37305 -0.721656
6.37305 -0.721656
6.37305 -0.721656
6.37305 -0.721656
6.37305 -0.721656
6.37305 -0.721656
6.37305 -0.721656
6.45874 -0.334951
6.45874 -0.334951
6.45874 -0.334951
6.45874 -0.334951
6.45874 -0.334951
6.45874 -0.334951
6.45874 -0.334951
6.45874 -0.334951
6.45874 -0.334951
6.45874 -0.334951
6.40971 1.0472
6.40971 1.0472
6.40971 1.0472
6.40971 1.0472
6.40971 1.0472
6.40971 1.0472
6.40971 1.0472
6.40971 1.0472
6.40971 1.0472
6.40971 1.0472
6.08748 0.225844
6.08748 0.225844
6.08748 0.225844
6.08748 0.225844
6.08748 0.225844
6.08748 0.225844
6.08748 0.225844
6.08748 0.225844
6.08748 0.225844
6.08748 0.225844
5.7187 -1.0472
5.7187 -1.0472
5.7187 -1.0472
5.7187 -1.0472
5.7187 -1.0472
5.7187 -1.0472
5.7187 -1.0472
5.7187 -1.0472
5.7187 -1.0472
5.7187 -1.0472
6.25859 -0.817935
6.25859 -0.817935
6.25859 -0.817935
6.25859 -0.817935
6.25859 -0.817935
6.25859 -0.817935
6.25859 -0.817935
6.25859 -0.817935
6.25859 -0.817935
6.25859 -0.817935
6.08846 0.424192
6.08846 0.424192
6.08846 0.424192
6.08846 0.424192
6.08846 0.424192
6.08846 0.424192
6.08846 0.424192
6.08846 0.424192
6.08846 0.424192
6.08846 0.424192
5.88675 1.0472
5.88675 1.0472
5.88675 1.0472
5.88675 1.0472
5.88675 1.0472
5.88675 1.0472
5.88675 1.0472
5.88675 1.0472
5.88675 1.0472
5.88675 1.0472
5.57841 0.52318
5.57841 0.52318
5.57841 0.52318
5.57841 0.52318
5.57841 0.52318
5.57841 0.52318
5.57841 0.52318
5.57841 0.52318
5.57841 0.52318
5.57841 0.52318
5.06183 -1.0472
5.06183 -1.0472
5.06183 -1.0472
5.06183 -1.0472
5.06183 -1.0472
5.06183 -1.0472
5.06183 -1.0472
5.06183 -1.0472
5.06183 -1.0472
5.06183 -1.0472
5.55952 -0.93264
5.55952 -0.93264
5.55952 -0.93264
5.55952 -0.93264
5.55952 -0.93264
5.55952 -0.93264
5.55952 -0.93264
5.55952 -0.93264
5.55952 -0.93264
5.55952 -0.93264
5.37911 0.167659
5.37911 0.167659
5.37911 0.167659
5.37911 0.167659
5.37911 0.167659
5.37911 0.167659
5.37911 0.167659
5.37911 0.167659
5.37911 0.167659
5.37911 0.167659
5.28269 1.0472
5.28269 1.0472
5.28269 1.0472
5.28269 1.0472
5.28269 1.0472
5.28269 1.0472
5.28269 1.0472
5.28269 1.0472
5.28269 1.0472
5.28269 1.0472
4.85186 0.698928
4.85186 0.698928
4.85186 0.698928
4.85186 0.698928
4.85186 0.698928
4.85186 0.698928
4.85186 0.698928
4.85186 0.698928
4.85186 0.698928
4.85186 0.698928
4.72837 -0.474963
4.72837 -0.474963
4.72837 -0.474963
4.72837 -0.474963
4.72837 -0.474963
4.72837 -0.474963
4.72837 -0.474963
4.72837 -0.474963
4.72837 -0.474963
4.72837 -0.474963
4.41881 -1.01151
4.41881 -1.01151
4.41881 -1.01151
4.41881 -1.01151
4.41881 -1.01151
4.41881 -1.01151
4.41881 -1.01151
4.41881 -1.01151
4.41881 -1.01151
4.41881 -1.01151
4.77466 -0.293858
4.77466 -0.293858
4.77466 -0.293858
4.77466 -0.293858
4.77466 -0.293858
4.77466 -0.293858
4.77466 -0.293858
4.77466 -0.293858
4.77466 -0.293858
4.77466 -0.293858
4.48969 1.0472
4.48969 1.0472
4.48969 1.0472
4.48969 1.0472
4.48969 1.0472
4.48969 1.0472
4.48969 1.0472
4.48969 1.0472
4.48969 1.0472
4.48969 1.0472
4.1576 0.407324
4.1576 0.407324
4.1576 0.407324
4.1576 0.407324
4.1576 0.407324
4.1576 0.407324
4.1576 0.407324
4.1576 0.407324
4.1576 0.407324
4.1576 0.407324
4.1576 0.407324
3.48808 -1.0472
3.48808 -1.0472
3.48808 -1.0472
3.48808 -1.0472
3.48808 -1.0472
3.48808 -1.0472
3.48808 -1.0472
3.48808 -1.0472
3.48808 -1.0472
3.48808 -1.0472
4.38269 -1.0472
4.38269 -1.0472
4.38269 -1.0472
4.38269 -1.0472
4.38269 -1.0472
4.38269 -1.0472
4.38269 -1.0472
4.38269 -1.0472
4.38269 -1.0472
4.38269 -1.0472
3.83355 -0.494842
3.83355 -0.494842
3.83355 -0.494842
3.83355 -0.494842
3.83355 -0.494842
3.83355 -0.494842
3.83355 -0.494842
3.83355 -0.494842
3.83355 -0.494842
3.83355 -0.494842
3.14332 1.0472
3.14332 1.0472
3.14332 1.0472
3.14332 1.0472
3.14332 1.0472
3.14332 1.0472
3.14332 1.0472
3.14332 1.0472
3.14332 1.0472
3.14332 1.0472
4.40406 1.0472
4.40406 1.0472
4.40406 1.0472
4.40406 1.0472
4.40406 1.0472
4.40406 1.0472
4.40406 1.0472
4.40406 1.0472
4.40406 1.0472
4.40406 1.0472
3.58221 1.0472
3.58221 1.0472
3.58221 1.0472
3.58221 1.0472
3.58221 1.0472
3.58221 1.0472
3.58221 1.0472
3.58221 1.0472
3.58221 1.0472
3.58221 1.0472
3.15997 0.549372
3.15997 0.549372
3.15997 0.549372
3.15997 0.549372
3.15997 0.549372
3.15997 0.549372
3.15997 0.549372
3.15997 0.549372
3.15997 0.549372
3.15997 0.549372
2.34625 -1.0472
2.34625 -1.0472
2.34625 -1.0472
2.34625 -1.0472
2.34625 -1.0472
2.34625 -1.0472
2.34625 -1.0472
2.34625 -1.0472
2.34625 -1.0472
2.34625 -1.0472
4.12391 -1.0472
4.12391 -1.0472
4.12391 -1.0472
4.12391 -1.0472
4.12391 -1.0472
4.12391 -1.0472
4.12391 -1.0472
4.12391 -1.0472
4.12391 -1.0472
4.12391 -1.0472
3.33199 -1.0472
3.33199 -1.0472
3.33199 -1.0472
3.33199 -1.0472
3.33199 -1.0472
3.33199 -1.0472
3.33199 -1.0472
3.33199 -1.0472
3.33199 -1.0472
3.33199 -1.0472
3.16112 -1.0472
3.16112 -1.0472
3.16112 -1.0472
3.16112 -1.0472
3.16112 -1.0472
3.16112 -1.0472
3.16112 -1.0472
3.16112 -1.0472
3.16112 -1.0472
3.16112 -1.0472
3.0187 -1.0472
3.0187 -1.0472
3.0187 -1.0472
3.0187 -1.0472
3.0187 -1.0472
3.0187 -1.0472
3.0187 -1.0472
3.0187 -1.0472
3.0187 -1.0472
3.0187 -1.0472
2.85001 -0.285486
2.85001 -0.285486
2.85001 -0.285486
2.85001 -0.285486
2.85001 -0.285486
2.85001 -0.285486
2.85001 -0.285486
2.85001 -0.285486
2.85001 -0.285486
2.85001 -0.285486
1.73238 1.0472
1.73238 1.0472
1.73238 1.0472
1.73238 1.0472
1.73238 1.0472
1.73238 1.0472
1.73238 1.0472
1.73238 1.0472
1.73238 1.0472
1.73238 1.0472
3.21416 1.0472
3.21416 1.0472
3.21416 1.0472
3.21416 1.0472
3.21416 1.0472
3.21416 1.0472
3.21416 1.0472
3.21416 1.0472
3.21416 1.0472
3.21416 1.0472
2.82524 1.0472
2.82524 1.0472
2.82524 1.0472
2.82524 1.0472
2.82524 1.0472
2.82524 1.0472
2.82524 1.0472
2.82524 1.0472
2.82524 1.0472
2.82524 1.0472
2.70968 1.0472
2.70968 1.0472
2.70968 1.0472
2.70968 1.0472
2.70968 1.0472
2.70968 1.0472
2.70968 1.0472
2.70968 1.0472
2.70968 1.0472
2.70968 1.0472
2.65924 0.831609
2.65924 0.831609
2.65924 0.831609
2.65924 0.831609
2.65924 0.831609
2.65924 0.831609
2.65924 0.831609
2.65924 0.831609
2.65924 0.831609
2.65924 0.831609
2.64403 1.0472
2.64403 1.0472
2.64403 1.0472
2.64403 1.0472
2.64403 1.0472
2.64403 1.0472
2.64403 1.0472
2.64403 1.0472
2.64403 1.0472
2.64403 1.0472
2.48099 -0.301573
2.48099 -0.301573
2.48099 -0.301573
2.48099 -0.301573
2.48099 -0.301573
2.48099 -0.301573
2.48099 -0.301573
2.48099 -0.301573
2.48099 -0.301573
2.48099 -0.301573
2.89175 1.0472
2.89175 1.0472
2.89175 1.0472
2.89175 1.0472
2.89175 1.0472
2.89175 1.0472
2.89175 1.0472
2.89175 1.0472
2.89175 1.0472
2.89175 1.0472
2.09701 -0.794336
2.09701 -0.794336
2.09701 -0.794336
2.09701 -0.794336
2.09701 -0.794336
2.09701 -0.794336
2.09701 -0.794336
2.09701 -0.794336
2.09701 -0.794336
2.09701 -0.794336
2.78658 -1.0472
2.78658 -1.0472
2.78658 -1.0472
2.78658 -1.0472
2.78658 -1.0472
2.78658 -1.0472
2.78658 -1.0472
2.78658 -1.0472
2.78658 -1.0472
2.78658 -1.0472
2.6002 -1.0472
2.6002 -1.0472
2.6002 -1.0472
2.6002 -1.0472
2.6002 -1.0472
2.6002 -1.0472
2.6002 -1.0472
2.6002 -1.0472
2.6002 -1.0472
2.6002 -1.0472
2.22417 -0.905285
2.22417 -0.905285
2.22417 -0.905285
2.22417 -0.905285
2.22417 -0.905285
2.22417 -0.905285
2.22417 -0.905285
2.22417 -0.905285
2.22417 -0.905285
2.22417 -0.905285
2.51234 0.288219
2.51234 0.288219
2.51234 0.288219
2.51234 0.288219
2.51234 0.288219
2.51234 0.288219
2.51234 0.288219
2.51234 0.288219
2.51234 0.288219
2.51234 0.288219
1.54501 1.0472
1.54501 1.0472
1.54501 1.0472
1.54501 1.0472
1.54501 1.0472
1.54501 1.0472
1.54501 1.0472
1.54501 1.0472
1.54501 1.0472
1.54501 1.0472
2.9909 1.0472
2.9909 1.0472
2.9909 1.0472
2.9909 1.0472
2.9909 1.0472
2.9909 1.0472
2.9909 1.0472
2.9909 1.0472
2.9909 1.0472
2.9909 1.0472
2.55932 1.0472
2.55932 1.0472
2.55932 1.0472
2.55932 1.0472
2.55932 1.0472
2.55932 1.0472
2.55932 1.0472
2.55932 1.0472
2.55932 1.0472
2.55932 1.0472
2.60317 1.0472
2.60317 1.0472
2.60317 1.0472
2.60317 1.0472
2.60317 1.0472
2.60317 1.0472
2.60317 1.0472
2.60317 1.0472
2.60317 1.0472
2.60317 1.0472
2.6692 1.0472
2.6692 1.0472
2.6692 1.0472
2.6692 1.0472
2.6692 1.0472
2.6692 1.0472
2.6692 1.0472
2.6692 1.0472
2.6692 1.0472
2.6692 1.0472
2.717 0.921355
2.717 0.921355
2.717 0.921355
2.717 0.921355
2.717 0.921355
2.717 0.921355
2.717 0.921355
2.717 0.921355
2.717 0.921355
2.717 0.921355
2.76484 1.0472
2.76484 1.0472
2.76484 1.0472
2.76484 1.0472
2.76484 1.0472
2.76484 1.0472
2.76484 1.0472
2.76484 1.0472
2.76484 1.0472
2.76484 1.0472
2.75949 0.0730227
2.75949 0.0730227
2.75949 0.0730227
2.75949 0.0730227
2.75949 0.0730227
2.75949 0.0730227
2.75949 0.0730227
2.75949 0.0730227
2.75949 0.0730227
2.75949 0.0730227
3.09318 1.0472
3.09318 1.0472
3.09318 1.0472
3.09318 1.0472
3.09318 1.0472
3.09318 1.0472
3.09318 1.0472
3.09318 1.0472
3.09318 1.0472
3.09318 1.0472
2.54613 -0.746283
2.54613 -0.746283
2.54613 -0.746283
2.54613 -0.746283
2.54613 -0.746283
2.54613 -0.746283
2.54613 -0.746283
2.54613 -0.746283
2.54613 -0.746283
2.54613 -0.746283
3.34033 -1.0472
3.34033 -1.0472
3.34033 -1.0472
3.34033 -1.0472
3.34033 -1.0472
3.34033 -1.0472
3.34033 -1.0472
3.34033 -1.0472
3.34033 -1.0472
3.34033 -1.0472
2.83619 -1.0472
2.83619 -1.0472
2.83619 -1.0472
2.83619 -1.0472
2.83619 -1.0472
2.83619 -1.0472
2.83619 -1.0472
2.83619 -1.0472
2.83619 -1.0472
2.83619 -1.0472
2.72415 -0.996048
2.72415 -0.996048
2.72415 -0.996048
2.72415 -0.996048
2.72415 -0.996048
2.72415 -0.996048
2.72415 -0.996048
2.72415 -0.996048
2.72415 -0.996048
2.72415 -0.996048
2.72415 -0.996048
2.90797 0.0688258
2.90797 0.0688258
2.90797 0.0688258
2.90797 0.0688258
2.90797 0.0688258
2.90797 0.0688258
2.90797 0.0688258
2.90797 0.0688258
2.90797 0.0688258
2.90797 0.0688258
2.23595 1.0472
2.23595 1.0472
2.23595 1.0472
2.23595 1.0472
2.23595 1.0472
2.23595 1.0472
2.23595 1.0472
2.23595 1.0472
2.23595 1.0472
2.23595 1.0472
3.19438 1.0472
3.19438 1.0472
3.19438 1.0472
3.19438 1.0472
3.19438 1.0472
3.19438 1.0472
3.19438 1.0472
3.19438 1.0472
3.19438 1.0472
3.19438 1.0472
2.91978 1.0472
2.91978 1.0472
2.91978 1.0472
2.91978 1.0472
2.91978 1.0472
2.91978 1.0472
2.91978 1.0472
2.91978 1.0472
2.91978 1.0472
2.91978 1.0472
3.00661 0.488535
3.00661 0.488535
3.00661 0.488535
3.00661 0.488535
3.00661 0.488535
3.00661 0.488535
3.00661 0.488535
3.00661 0.488535
3.00661 0.488535
3.00661 0.488535
3.13529 1.0472
3.13529 1.0472
3.13529 1.0472
3.13529 1.0472
3.13529 1.0472
3.13529 1.0472
3.13529 1.0472
3.13529 1.0472
3.13529 1.0472
3.13529 1.0472
2.80104 -0.547369
2.80104 -0.547369
2.80104 -0.547369
2.80104 -0.547369
2.80104 -0.547369
2.80104 -0.547369
2.80104 -0.547369
2.80104 -0.547369
2.80104 -0.547369
2.80104 -0.547369
3.50637 -0.19757
3.50637 -0.19757
3.50637 -0.19757
3.50637 -0.19757
3.50637 -0.19757
3.50637 -0.19757
3.50637 -0.19757
3.50637 -0.19757
3.50637 -0.19757
3.50637 -0.19757
1.57072 -1.0472
1.57072 -1.0472
1.57072 -1.0472
1.57072 -1.0472
1.57072 -1.0472
1.57072 -1.0472
1.57072 -1.0472
1.57072 -1.0472
1.57072 -1.0472
1.57072 -1.0472
3.87201 -1.0472
3.87201 -1.0472
3.87201 -1.0472
3.87201 -1.0472
3.87201 -1.0472
3.87201 -1.0472
3.87201 -1.0472
3.87201 -1.0472
3.87201 -1.0472
3.87201 -1.0472
3.25903 -1.0472
3.25903 -1.0472
3.25903 -1.0472
3.25903 -1.0472
3.25903 -1.0472
3.25903 -1.0472
3.25903 -1.0472
3.25903 -1.0472
3.25903 -1.0472
3.25903 -1.0472
2.16548 -0.576858
2.16548 -0.576858
2.16548 -0.576858
2.16548 -0.576858
2.16548 -0.576858
2.16548 -0.576858
2.16548 -0.576858
2.16548 -0.576858
2.16548 -0.576858
2.16548 -0.576858
0.751909 1.0472
0.751909 1.0472
0.751909 1.0472
0.751909 1.0472
0.751909 1.0472
0.751909 1.0472
0.751909 1.0472
0.751909 1.0472
0.751909 1.0472
0.751909 1.0472
5.50369 1.0472
5.50369 1.0472
5.50369 1.0472
5.50369 1.0472
5.50369 1.0472
5.50369 1.0472
5.50369 1.0472
5.50369 1.0472
5.50369 1.0472
5.50369 1.0472
2.71411 1.0472
2.71411 1.0472
2.71411 1.0472
2.71411 1.0472
2.71411 1.0472
2.71411 1.0472
2.71411 1.0472
2.71411 1.0472
2.71411 1.0472
2.71411 1.0472
2.85019 1.0472
2.85019 1.0472
2.85019 1.0472
2.85019 1.0472
2.85019 1.0472
2.85019 1.0472
2.85019 1.0472
2.85019 1.0472
2.85019 1.0472
2.85019 1.0472
2.74139 1.0472
2.74139 1.0472
2.74139 1.0472
2.74139 1.0472
2.74139 1.0472
2.74139 1.0472
2.74139 1.0472
2.74139 1.0472
2.74139 1.0472
2.74139 1.0472
2.62994 1.0472
2.62994 1.0472
2.62994 1.0472
2.62994 1.0472
2.62994 1.0472
2.62994 1.0472
2.62994 1.0472
2.62994 1.0472
2.62994 1.0472
2.62994 1.0472
2.49162 1.0472
2.49162 1.0472
2.49162 1.0472
2.49162 1.0472
2.49162 1.0472
2.49162 1.0472
2.49162 1.0472
2.49162 1.0472
2.49162 1.0472
2.49162 1.0472
2.29832 1.0472
2.29832 1.0472
2.29832 1.0472
2.29832 1.0472
2.29832 1.0472
2.29832 1.0472
2.29832 1.0472
2.29832 1.0472
2.29832 1.0472
2.29832 1.0472
2.11729 1.0472
2.11729 1.0472
2.11729 1.0472
2.11729 1.0472
2.11729 1.0472
2.11729 1.0472
2.11729 1.0472
2.11729 1.0472
2.11729 1.0472
2.11729 1.0472
2.17559 1.0472
2.17559 1.0472
2.17559 1.0472
2.17559 1.0472
2.17559 1.0472
2.17559 1.0472
2.17559 1.0472
2.17559 1.0472
2.17559 1.0472
2.17559 1.0472
2.43448 1.0472
2.43448 1.0472
2.43448 1.0472
2.43448 1.0472
2.43448 1.0472
2.43448 1.0472
2.43448 1.0472
2.43448 1.0472
2.43448 1.0472
2.43448 1.0472
2.73759 1.0472
2.73759 1.0472
2.73759 1.0472
2.73759 1.0472
2.73759 1.0472
2.73759 1.0472
2.73759 1.0472
2.73759 1.0472
2.73759 1.0472
2.73759 1.0472
3.06594 1.0472
3.06594 1.0472
3.06594 1.0472
3.06594 1.0472
3.06594 1.0472
3.06594 1.0472
3.06594 1.0472
3.06594 1.0472
3.06594 1.0472
3.06594 1.0472
3.40892 1.0472
3.40892 1.0472
3.40892 1.0472
3.40892 1.0472
3.40892 1.0472
3.40892 1.0472
3.40892 1.0472
3.40892 1.0472
3.40892 1.0472
3.40892 1.0472
3.74852 1.0472
3.74852 1.0472
3.74852 1.0472
3.74852 1.0472
3.74852 1.0472
3.74852 1.0472
3.74852 1.0472
3.74852 1.0472
3.74852 1.0472
3.74852 1.0472
4.05271 1.0472
4.05271 1.0472
4.05271 1.0472
4.05271 1.0472
4.05271 1.0472
4.05271 1.0472
4.05271 1.0472
4.05271 1.0472
4.05271 1.0472
4.05271 1.0472
4.28679 1.0472
4.28679 1.0472
4.28679 1.0472
4.28679 1.0472
4.28679 1.0472
4.28679 1.0472
4.28679 1.0472
4.28679 1.0472
4.28679 1.0472
4.28679 1.0472
4.41595 1.0472
4.41595 1.0472
4.41595 1.0472
4.41595 1.0472
4.41595 1.0472
4.41595 1.0472
4.41595 1.0472
4.41595 1.0472
4.41595 1.0472
4.41595 1.0472
4.40632 1.0472
4.40632 1.0472
4.40632 1.0472
4.40632 1.0472
4.40632 1.0472
4.40632 1.0472
4.40632 1.0472
4.40632 1.0472
4.40632 1.0472
4.40632 1.0472
4.25125 1.0472
4.25125 1.0472
4.25125 1.0472
4.25125 1.0472
4.25125 1.0472
4.25125 1.0472
4.25125 1.0472
4.25125 1.0472
4.25125 1.0472
4.25125 1.0472
3.96995 1.0472
3.96995 1.0472
3.96995 1.0472
3.96995 1.0472
3.96995 1.0472
3.96995 1.0472
3.96995 1.0472
3.96995 1.0472
3.96995 1.0472
3.96995 1.0472
3.81486 -0.233804
3.81486 -0.233804
3.81486 -0.233804
3.81486 -0.233804
3.81486 -0.233804
3.81486 -0.233804
3.81486 -0.233804
3.81486 -0.233804
3.81486 -0.233804
3.81486 -0.233804
4.21237 -1.0472
4.21237 -1.0472
4.21237 -1.0472
4.21237 -1.0472
4.21237 -1.0472
4.21237 -1.0472
4.21237 -1.0472
4.21237 -1.0472
4.21237 -1.0472
4.21237 -1.0472
3.80291 -1.0472
3.80291 -1.0472
3.80291 -1.0472
3.80291 -1.0472
3.80291 -1.0472
3.80291 -1.0472
3.80291 -1.0472
3.80291 -1.0472
3.80291 -1.0472
3.80291 -1.0472
3.64784 -1.0472
3.64784 -1.0472
3.64784 -1.0472
3.64784 -1.0472
3.64784 -1.0472
3.64784 -1.0472
3.64784 -1.0472
3.64784 -1.0472
3.64784 -1.0472
3.64784 -1.0472
4.03281 -1.0472
4.03281 -1.0472
4.03281 -1.0472
4.03281 -1.0472
4.03281 -1.0472
4.03281 -1.0472
4.03281 -1.0472
4.03281 -1.0472
4.03281 -1.0472
4.03281 -1.0472
4.14677 -1.0472
4.14677 -1.0472
4.14677 -1.0472
4.14677 -1.0472
4.14677 -1.0472
4.14677 -1.0472
4.14677 -1.0472
4.14677 -1.0472
4.14677 -1.0472
4.14677 -1.0472
4.14677 -1.0472
4.12564 -1.0472
4.12564 -1.0472
4.12564 -1.0472
4.12564 -1.0472
4.12564 -1.0472
4.12564 -1.0472
4.12564 -1.0472
4.12564 -1.0472
4.12564 -1.0472
4.12564 -1.0472
3.91787 -0.53014
3.91787 -0.53014
3.91787 -0.53014
3.91787 -0.53014
3.91787 -0.53014
3.91787 -0.53014
3.91787 -0.53014
3.91787 -0.53014
3.91787 -0.53014
3.91787 -0.53014
2.99149 1.0472
2.99149 1.0472
2.99149 1.0472
2.99149 1.0472
2.99149 1.0472
2.99149 1.0472
2.99149 1.0472
2.99149 1.0472
2.99149 1.0472
2.99149 1.0472
3.87152 1.0472
3.87152 1.0472
3.87152 1.0472
3.87152 1.0472
3.87152 1.0472
3.87152 1.0472
3.87152 1.0472
3.87152 1.0472
3.87152 1.0472
3.87152 1.0472
4.18458 1.0472
4.18458 1.0472
4.18458 1.0472
4.18458 1.0472
4.18458 1.0472
4.18458 1.0472
4.18458 1.0472
4.18458 1.0472
4.18458 1.0472
4.18458 1.0472
4.24377 0.648547
4.24377 0.648547
4.24377 0.648547
4.24377 0.648547
4.24377 0.648547
4.24377 0.648547
4.24377 0.648547
4.24377 0.648547
4.24377 0.648547
4.24377 0.648547
4.30184 1.0472
4.30184 1.0472
4.30184 1.0472
4.30184 1.0472
4.30184 1.0472
4.30184 1.0472
4.30184 1.0472
4.30184 1.0472
4.30184 1.0472
4.30184 1.0472
4.09631 -0.511897
4.09631 -0.511897
4.09631 -0.511897
4.09631 -0.511897
4.09631 -0.511897
4.09631 -0.511897
4.09631 -0.511897
4.09631 -0.511897
4.09631 -0.511897
4.09631 -0.511897
4.78651 -1.0472
4.78651 -1.0472
4.78651 -1.0472
4.78651 -1.0472
4.78651 -1.0472
4.78651 -1.0472
4.78651 -1.0472
4.78651 -1.0472
4.78651 -1.0472
4.78651 -1.0472
4.33762 -1.0472
4.33762 -1.0472
4.33762 -1.0472
4.33762 -1.0472
4.33762 -1.0472
4.33762 -1.0472
4.33762 -1.0472
4.33762 -1.0472
4.33762 -1.0472
4.33762 -1.0472
4.27515 -1.0472
4.27515 -1.0472
4.27515 -1.0472
4.27515 -1.0472
4.27515 -1.0472
4.27515 -1.0472
4.27515 -1.0472
4.27515 -1.0472
4.27515 -1.0472
4.27515 -1.0472
4.17754 -0.256058
4.17754 -0.256058
4.17754 -0.256058
4.17754 -0.256058
4.17754 -0.256058
4.17754 -0.256058
4.17754 -0.256058
4.17754 -0.256058
4.17754 -0.256058
4.17754 -0.256058
3.25187 1.0472
3.25187 1.0472
3.25187 1.0472
3.25187 1.0472
3.25187 1.0472
3.25187 1.0472
3.25187 1.0472
3.25187 1.0472
3.25187 1.0472
3.25187 1.0472
4.91776 1.0472
4.91776 1.0472
4.91776 1.0472
4.91776 1.0472
4.91776 1.0472
4.91776 1.0472
4.91776 1.0472
4.91776 1.0472
4.91776 1.0472
4.91776 1.0472
4.56448 0.943255
4.56448 0.943255
4.56448 0.943255
4.56448 0.943255
4.56448 0.943255
4.56448 0.943255
4.56448 0.943255
4.56448 0.943255
4.56448 0.943255
4.56448 0.943255
4.78645 -0.0532387
4.78645 -0.0532387
4.78645 -0.0532387
4.78645 -0.0532387
4.78645 -0.0532387
4.78645 -0.0532387
4.78645 -0.0532387
4.78645 -0.0532387
4.78645 -0.0532387
4.78645 -0.0532387
4.92196 -0.21791
4.92196 -0.21791
4.92196 -0.21791
4.92196 -0.21791
4.92196 -0.21791
4.92196 -0.21791
4.92196 -0.21791
4.92196 -0.21791
4.92196 -0.21791
4.92196 -0.21791
4.46568 -1.0472
4.46568 -1.0472
4.46568 -1.0472
4.46568 -1.0472
4.46568 -1.0472
4.46568 -1.0472
4.46568 -1.0472
4.46568 -1.0472
4.46568 -1.0472
4.46568 -1.0472
5.17243 -1.0472
5.17243 -1.0472
5.17243 -1.0472
5.17243 -1.0472
5.17243 -1.0472
5.17243 -1.0472
5.17243 -1.0472
5.17243 -1.0472
5.17243 -1.0472
5.17243 -1.0472
4.55182 -0.556952
4.55182 -0.556952
4.55182 -0.556952
4.55182 -0.556952
4.55182 -0.556952
4.55182 -0.556952
4.55182 -0.556952
4.55182 -0.556952
4.55182 -0.556952
4.55182 -0.556952
4.038 1.0472
4.038 1.0472
4.038 1.0472
4.038 1.0472
4.038 1.0472
4.038 1.0472
4.038 1.0472
4.038 1.0472
4.038 1.0472
4.038 1.0472
5.55288 1.0472
5.55288 1.0472
5.55288 1.0472
5.55288 1.0472
5.55288 1.0472
5.55288 1.0472
5.55288 1.0472
5.55288 1.0472
5.55288 1.0472
5.55288 1.0472
5.07932 0.747131
5.07932 0.747131
5.07932 0.747131
5.07932 0.747131
5.07932 0.747131
5.07932 0.747131
5.07932 0.747131
5.07932 0.747131
5.07932 0.747131
5.07932 0.747131
5.0138 0.575779
5.0138 0.575779
5.0138 0.575779
5.0138 0.575779
5.0138 0.575779
5.0138 0.575779
5.0138 0.575779
5.0138 0.575779
5.0138 0.575779
5.0138 0.575779
4.731 -1.0472
4.731 -1.0472
4.731 -1.0472
4.731 -1.0472
4.731 -1.0472
4.731 -1.0472
4.731 -1.0472
4.731 -1.0472
4.731 -1.0472
4.731 -1.0472
5.37963 -1.0472
5.37963 -1.0472
5.37963 -1.0472
5.37963 -1.0472
5.37963 -1.0472
5.37963 -1.0472
5.37963 -1.0472
5.37963 -1.0472
5.37963 -1.0472
5.37963 -1.0472
5.09158 -0.510101
5.09158 -0.510101
5.09158 -0.510101
5.09158 -0.510101
5.09158 -0.510101
5.09158 -0.510101
5.09158 -0.510101
5.09158 -0.510101
5.09158 -0.510101
5.09158 -0.510101
5.2141 1.0472
5.2141 1.0472
5.2141 1.0472
5.2141 1.0472
5.2141 1.0472
5.2141 1.0472
5.2141 1.0472
5.2141 1.0472
5.2141 1.0472
5.2141 1.0472
5.28074 0.652318
5.28074 0.652318
5.28074 0.652318
5.28074 0.652318
5.28074 0.652318
5.28074 0.652318
5.28074 0.652318
5.28074 0.652318
5.28074 0.652318
5.28074 0.652318
5.33695 0.532578
5.33695 0.532578
5.33695 0.532578
5.33695 0.532578
5.33695 0.532578
5.33695 0.532578
5.33695 0.532578
5.33695 0.532578
5.33695 0.532578
5.33695 0.532578
5.19614 -1.0472
5.19614 -1.0472
5.19614 -1.0472
5.19614 -1.0472
5.19614 -1.0472
5.19614 -1.0472
5.19614 -1.0472
5.19614 -1.0472
5.19614 -1.0472
5.19614 -1.0472
5.58721 -0.659971
5.58721 -0.659971
5.58721 -0.659971
5.58721 -0.659971
5.58721 -0.659971
5.58721 -0.659971
5.58721 -0.659971
5.58721 -0.659971
5.58721 -0.659971
5.58721 -0.659971
5.53975 0.398926
5.53975 0.398926
5.53975 0.398926
5.53975 0.398926
5.53975 0.398926
5.53975 0.398926
5.53975 0.398926
5.53975 0.398926
5.53975 0.398926
5.53975 0.398926
5.54635 1.0472
5.54635 1.0472
5.54635 1.0472
5.54635 1.0472
5.54635 1.0472
5.54635 1.0472
5.54635 1.0472
5.54635 1.0472
5.54635 1.0472
5.54635 1.0472
5.47335 0.227485
5.47335 0.227485
5.47335 0.227485
5.47335 0.227485
5.47335 0.227485
5.47335 0.227485
5.47335 0.227485
5.47335 0.227485
5.47335 0.227485
5.47335 0.227485
5.49067 -1.0472
5.49067 -1.0472
5.49067 -1.0472
5.49067 -1.0472
5.49067 -1.0472
5.49067 -1.0472
5.49067 -1.0472
5.49067 -1.0472
5.49067 -1.0472
5.49067 -1.0472
5.88153 -0.757014
5.88153 -0.757014
5.88153 -0.757014
5.88153 -0.757014
5.88153 -0.757014
5.88153 -0.757014
5.88153 -0.757014
5.88153 -0.757014
5.88153 -0.757014
5.88153 -0.757014
5.9351 0.797146
5.9351 0.797146
5.9351 0.797146
5.9351 0.797146
5.9351 0.797146
5.9351 0.797146
5.9351 0.797146
5.9351 0.797146
5.9351 0.797146
5.9351 0.797146
5.79811 0.405017
5.79811 0.405017
5.79811 0.405017
5.79811 0.405017
5.79811 0.405017
5.79811 0.405017
5.79811 0.405017
5.79811 0.405017
5.79811 0.405017
5.79811 0.405017
5.79811 0.405017
5.88741 0.934942
5.88741 0.934942
5.88741 0.934942
5.88741 0.934942
5.88741 0.934942
5.88741 0.934942
5.88741 0.934942
5.88741 0.934942
5.88741 0.934942
5.88741 0.934942
5.76572 -0.447203
5.76572 -0.447203
5.76572 -0.447203
5.76572 -0.447203
5.76572 -0.447203
5.76572 -0.447203
5.76572 -0.447203
5.76572 -0.447203
5.76572 -0.447203
5.76572 -0.447203
5.8426 -1.0472
5.8426 -1.0472
5.8426 -1.0472
5.8426 -1.0472
5.8426 -1.0472
5.8426 -1.0472
5.8426 -1.0472
5.8426 -1.0472
5.8426 -1.0472
5.8426 -1.0472
6.34664 -0.777192
6.34664 -0.777192
6.34664 -0.777192
6.34664 -0.777192
6.34664 -0.777192
6.34664 -0.777192
6.34664 -0.777192
6.34664 -0.777192
6.34664 -0.777192
6.34664 -0.777192
6.31861 0.679103
6.31861 0.679103
6.31861 0.679103
6.31861 0.679103
6.31861 0.679103
6.31861 0.679103
6.31861 0.679103
6.31861 0.679103
6.31861 0.679103
6.31861 0.679103
6.17718 0.714053
6.17718 0.714053
6.17718 0.714053
6.17718 0.714053
6.17718 0.714053
6.17718 0.714053
6.17718 0.714053
6.17718 0.714053
6.17718 0.714053
6.17718 0.714053
6.26407 0.811364
6.26407 0.811364
6.26407 0.811364
6.26407 0.811364
6.26407 0.811364
6.26407 0.811364
6.26407 0.811364
6.26407 0.811364
6.26407 0.811364
6.26407 0.811364
6.19247 -0.519238
6.19247 -0.519238
6.19247 -0.519238
6.19247 -0.519238
6.19247 -0.519238
6.19247 -0.519238
6.19247 -0.519238
6.19247 -0.519238
6.19247 -0.519238
6.19247 -0.519238
6.35334 -0.952228
6.35334 -0.952228
6.35334 -0.952228
6.35334 -0.952228
6.35334 -0.952228
6.35334 -0.952228
6.35334 -0.952228
6.35334 -0.952228
6.35334 -0.952228
6.35334 -0.952228
6.52737 -0.419226
6.52737 -0.419226
6.52737 -0.419226
6.52737 -0.419226
6.52737 -0.419226
6.52737 -0.419226
6.52737 -0.419226
6.52737 -0.419226
6.52737 -0.419226
6.52737 -0.419226
6.45217 1.0472
6.45217 1.0472
6.45217 1.0472
6.45217 1.0472
6.45217 1.0472
6.45217 1.0472
6.45217 1.0472
6.45217 1.0472
6.45217 1.0472
6.45217 1.0472
6.56196 0.425213
6.56196 0.425213
6.56196 0.425213
6.56196 0.425213
6.56196 0.425213
6.56196 0.425213
6.56196 0.425213
6.56196 0.425213
6.56196 0.425213
6.56196 0.425213
6.55693 -0.680064
6.55693 -0.680064
6.55693 -0.680064
6.55693 -0.680064
6.55693 -0.680064
6.55693 -0.680064
6.55693 -0.680064
6.55693 -0.680064
6.55693 -0.680064
6.55693 -0.680064
6.67465 -0.733097
6.67465 -0.733097
6.67465 -0.733097
6.67465 -0.733097
6.67465 -0.733097
6.67465 -0.733097
6.67465 -0.733097
6.67465 -0.733097
6.67465 -0.733097
6.67465 -0.733097
6.78819 0.423256
6.78819 0.423256
6.78819 0.423256
6.78819 0.423256
6.78819 0.423256
6.78819 0.423256
6.78819 0.423256
6.78819 0.423256
6.78819 0.423256
6.78819 0.423256
6.71015 0.215468
6.71015 0.215468
6.71015 0.215468
6.71015 0.215468
6.71015 0.215468
6.71015 0.215468
6.71015 0.215468
6.71015 0.215468
6.71015 0.215468
6.71015 0.215468
6.78728 1.0472
6.78728 1.0472
6.78728 1.0472
6.78728 1.0472
6.78728 1.0472
6.78728 1.0472
6.78728 1.0472
6.78728 1.0472
6.78728 1.0472
6.78728 1.0472
6.60843 -0.0529831
6.60843 -0.0529831
6.60843 -0.0529831
6.60843 -0.0529831
6.60843 -0.0529831
6.60843 -0.0529831
6.60843 -0.0529831
6.60843 -0.0529831
6.60843 -0.0529831
6.60843 -0.0529831
6.3469 -1.0472
6.3469 -1.0472
6.3469 -1.0472
6.3469 -1.0472
6.3469 -1.0472
6.3469 -1.0472
6.3469 -1.0472
6.3469 -1.0472
6.3469 -1.0472
6.3469 -1.0472
7.56021 -1.0472
7.56021 -1.0472
7.56021 -1.0472
7.56021 -1.0472
7.56021 -1.0472
7.56021 -1.0472
7.56021 -1.0472
7.56021 -1.0472
7.56021 -1.0472
7.56021 -1.0472
6.5447 -0.3713
6.5447 -0.3713
6.5447 -0.3713
6.5447 -0.3713
6.5447 -0.3713
6.5447 -0.3713
6.5447 -0.3713
6.5447 -0.3713
6.5447 -0.3713
6.5447 -0.3713
6.5637 1.0472
6.5637 1.0472
6.5637 1.0472
6.5637 1.0472
6.5637 1.0472
6.5637 1.0472
6.5637 1.0472
6.5637 1.0472
6.5637 1.0472
6.5637 1.0472
8.04964 1.0472
8.04964 1.0472
8.04964 1.0472
8.04964 1.0472
8.04964 1.0472
8.04964 1.0472
8.04964 1.0472
8.04964 1.0472
8.04964 1.0472
8.04964 1.0472
7.23342 0.331614
7.23342 0.331614
7.23342 0.331614
7.23342 0.331614
7.23342 0.331614
7.23342 0.331614
7.23342 0.331614
7.23342 0.331614
7.23342 0.331614
7.23342 0.331614
6.80721 -1.0472
6.80721 -1.0472
6.80721 -1.0472
6.80721 -1.0472
6.80721 -1.0472
6.80721 -1.0472
6.80721 -1.0472
6.80721 -1.0472
6.80721 -1.0472
6.80721 -1.0472
7.33719 -0.903744
7.33719 -0.903744
7.33719 -0.903744
7.33719 -0.903744
7.33719 -0.903744
7.33719 -0.903744
7.33719 -0.903744
7.33719 -0.903744
7.33719 -0.903744
7.33719 -0.903744
7.34341 0.0898162
7.34341 0.0898162
7.34341 0.0898162
7.34341 0.0898162
7.34341 0.0898162
7.34341 0.0898162
7.34341 0.0898162
7.34341 0.0898162
7.34341 0.0898162
7.34341 0.0898162
6.98838 1.0472
6.98838 1.0472
6.98838 1.0472
6.98838 1.0472
6.98838 1.0472
6.98838 1.0472
6.98838 1.0472
6.98838 1.0472
6.98838 1.0472
6.98838 1.0472
7.28552 0.651251
7.28552 0.651251
7.28552 0.651251
7.28552 0.651251
7.28552 0.651251
7.28552 0.651251
7.28552 0.651251
7.28552 0.651251
7.28552 0.651251
7.28552 0.651251
7.0578 -1.0472
7.0578 -1.0472
7.0578 -1.0472
7.0578 -1.0472
7.0578 -1.0472
7.0578 -1.0472
7.0578 -1.0472
7.0578 -1.0472
7.0578 -1.0472
7.0578 -1.0472
7.36264 -0.594854
7.36264 -0.594854
7.36264 -0.594854
7.36264 -0.594854
7.36264 -0.594854
7.36264 -0.594854
7.36264 -0.594854
7.36264 -0.594854
7.36264 -0.594854
7.36264 -0.594854
7.28738 0.558794
7.28738 0.558794
7.28738 0.558794
7.28738 0.558794
7.28738 0.558794
7.28738 0.558794
7.28738 0.558794
7.28738 0.558794
7.28738 0.558794
7.28738 0.558794
7.14942 1.0472
7.14942 1.0472
7.14942 1.0472
7.14942 1.0472
7.14942 1.0472
7.14942 1.0472
7.14942 1.0472
7.14942 1.0472
7.14942 1.0472
7.14942 1.0472
7.21204 0.172788
7.21204 0.172788
7.21204 0.172788
7.21204 0.172788
7.21204 0.172788
7.21204 0.172788
7.21204 0.172788
7.21204 0.172788
7.21204 0.172788
7.21204 0.172788
7.02176 -1.0472
7.02176 -1.0472
7.02176 -1.0472
7.02176 -1.0472
7.02176 -1.0472
7.02176 -1.0472
7.02176 -1.0472
7.02176 -1.0472
7.02176 -1.0472
7.02176 -1.0472
7.53556 -0.888962
7.53556 -0.888962
7.53556 -0.888962
7.53556 -0.888962
7.53556 -0.888962
7.53556 -0.888962
7.53556 -0.888962
7.53556 -0.888962
7.53556 -0.888962
7.53556 -0.888962
7.44144 0.155792
7.44144 0.155792
7.44144 0.155792
7.44144 0.155792
7.44144 0.155792
7.44144 0.155792
7.44144 0.155792
7.44144 0.155792
7.44144 0.155792
7.44144 0.155792
4.75938 1.0472
4.75938 1.0472
4.75938 1.0472
4.75938 1.0472
4.75938 1.0472
4.75938 1.0472
4.75938 1.0472
4.75938 1.0472
4.75938 1.0472
4.75938 1.0472
2.80081 1.0472
2.80081 1.0472
2.80081 1.0472
2.80081 1.0472
2.80081 1.0472
2.80081 1.0472
2.80081 1.0472
2.80081 1.0472
2.80081 1.0472
2.80081 1.0472
2.80081 1.0472
