20 20 0 0 0 0
32.8628 20 0.323925 4.52257 -0.433854 2.84414
37.3773 19.9235 -0.433543 0.162574 -0.162376 28.4414
36.2447 22.8741 0.395819 -2.5558 -0.315278 8.53241
25.4674 33.9194 1.63744 -9.05258 -0.367485 25.5972
12.539 57.343 -2.895 5.19299 -0.882957 5.68827
39.2786 64.0739 -2.36574 -9.69494 0.842008 2.84414
40.6934 75.1278 0.304857 -2.49484 -0.18601 5.68827
61.6933 81.7358 -1.71463 7.74049 0.652705 2.84414
62.8595 89.7878 -1.02222 -2.86062 -0.0848999 2.84414
61.4588 91.1219 0.0223497 -0.352001 -0.48085 5.68827
84.346 91.6335 0.122251 8.04916 -0.498654 2.84414
143.694 134.087 1.61832 9.30768 0.631156 8.53241
143.101 146.551 0.73491 4.38736 -0.070678 2.84414
128.529 146.934 -2.30985 -3.53938 0.150095 5.68827
137.685 156.98 2.09693 -4.77918 -0.666426 2.84414
144.019 164.023 -2.93407 5.40558 0.240427 19.9089
173.588 191.818 -0.746277 -8.35286 -0.69836 5.68827
176.099 192.061 -1.78083 1.75409 0.620186 14.2207
177.238 188.644 -0.540217 0.192776 0.312646 19.9089
176.627 181.722 1.26901 2.79551 0.914789 5.68827
180.491 182.083 2.21683 2.98021 -0.338458 17.0648
178.731 180.409 1.71689 3.22475 -0.836142 14.2207
179.647 180.035 1.92598 2.67706 0.525885 28.4414
179.663 179.993 1.92068 -0.00776374 0.119302 5.68827
179.759 179.952 1.98934 0.753583 -0.62723 11.3765
