80 -400 0 0 0 0
84.1547 -396.858 1.29508 3.64238 0.227588 23.8812
103.52 -388.029 -0.439587 0.380113 -0.0715414 63.6832
107.621 -385.505 1.54317 -0.83679 0.334493 79.6041
115.031 -385.753 -1.61024 -1.31626 -0.263476 79.6041
113.178 -388.814 -2.62039 0.37636 -0.264178 71.6437
115.559 -384.543 -1.53858 4.43272 -0.207587 79.6041
115.919 -383.144 -2.10726 -2.21685 0.370373 7.96041
120.616 -386.444 0.88232 1.11765 0.334386 23.8812
126.297 -382.611 0.304794 -4.60339 -0.0829178 47.7624
128.696 -382.288 -0.0369183 -4.17716 -0.139528 63.6832
132.168 -379.848 1.26187 4.67894 0.27768 71.6437
132.394 -378.985 1.36672 0.759293 0.116901 71.6437
139.741 -385.927 -2.88093 -3.81483 -0.166817 71.6437
140.355 -385.673 -2.61785 -0.41668 -0.375961 39.802
132.238 -368.973 0.381125 -3.50666 -0.107029 7.96041
131.251 -365.454 -2.97584 0.628566 0.498245 63.6832
135.397 -344.891 -0.563707 -2.04399 -0.0888378 47.7624
136.171 -345.217 -0.231971 -1.98152 0.37454 31.8416
140.493 -340.356 1.92007 4.54141 0.264306 47.7624
146.172 -343.572 -2.95054 3.67143 -0.196323 23.8812
138.239 -287.33 0.0891982 1.15869 -0.0351517 79.6041
133.052 -284.348 -1.13259 -0.614676 0.189435 63.6832
149.505 -309.566 -0.852822 3.79504 0.00926096 7.96041
155.691 -317.298 -0.93908 0.177772 -0.0087079 55.7228
158.869 -312.263 2.95461 -1.84436 0.302835 47.7624
161.358 -316.276 1.29736 4.3908 0.302546 7.96041
177.633 -321.386 -1.90587 0.343376 -0.116661 79.6041
180.312 -320.282 2.68725 4.17587 0.476549 7.96041
181.935 -320.897 2.87231 -0.109156 -0.106093 15.9208
185.071 -321.965 2.75436 -0.208232 0.0355649 15.9208
196.344 -316.402 -1.83755 3.48453 -0.118516 71.6437
201.349 -313.949 2.74889 -1.71705 0.262954 71.6437
203.764 -314.027 -2.81361 -0.376915 -0.283921 63.6832
206.557 -312.514 -2.47627 4.40085 -0.1053 39.802
209.974 -313.295 2.02666 2.20506 0.417422 23.8812
213.185 -300.931 0.606769 4.30463 -0.101693 31.8416
215.811 -298.233 0.991039 0.067985 0.101095 55.7228
215.146 -294.601 2.51269 4.91246 0.35742 79.6041
215.449 -294.858 2.36365 4.2048 0.358189 31.8416
216.634 -297.47 1.62941 1.92505 0.245246 63.6832
221.27 -298.303 -1.98494 -0.270761 -0.39146 23.8812
229.017 -299.246 1.74269 2.46296 0.240595 47.7624
234.48 -294.801 -0.376821 2.12712 -0.242801 39.802
236.658 -294.105 0.995911 3.15867 0.50621 7.96041
236.772 -290.689 2.07927 -2.16532 0.293002 7.96041
247.236 -290.246 -1.99467 -0.20339 -0.168948 63.6832
265.993 -287.185 2.31817 -4.97054 0.0874785 47.7624
268.131 -284.221 -0.426445 -4.11184 -0.492421 55.7228
280.921 -259.681 2.60714 -1.13137 0.0720425 39.802
283.034 -259.554 -2.48693 -1.77451 -0.486584 7.96041
285.424 -259.401 2.61469 -0.159541 0.435424 15.9208
287.746 -259.172 -2.41776 -3.77448 -0.465118 23.8812
290.297 -262.63 0.547173 -2.5636 0.434096 39.802
291.598 -259.03 1.90064 0.418855 0.31623 55.7228
293.065 -256.314 0.250499 -3.45326 -0.444171 71.6437
287.454 -193.001 3.06788 1.26643 0.0310433 71.6437
289.718 -187.769 -0.742817 1.22713 -0.320017 55.7228
397.493 -134.111 1.6667 3.90292 0.0155103 39.802
409.887 -134.425 -1.71722 3.12835 -0.158785 31.8416
410.118 -135.734 -1.07552 -3.15799 0.442939 7.96041
417.117 -134.279 1.48546 -3.88249 0.261902 39.802
417.532 -136.938 1.96576 2.86344 -0.174945 23.8812
425.91 -133.155 -1.11742 -0.462152 -0.214133 31.8416
438.282 -138.458 0.307479 0.921478 0.0968271 15.9208
442.214 -139.703 -0.920943 0.27611 -0.27251 15.9208
445.46 -141.971 -0.298519 4.18425 0.153439 39.802
448.985 -132.49 2.72819 3.79156 0.194889 79.6041
448.536 -132.21 2.4411 1.7906 -0.495927 71.6437
450.775 -128.995 -0.515743 0.730823 -0.47025 7.96041
459.769 -123.676 1.58376 0.317762 0.164508 39.802
469.212 -122.643 -1.36573 -1.90628 -0.206581 39.802
472.83 -122.644 1.36507 1.25254 0.495999 31.8416
478.183 -119.353 -0.262507 -1.97994 -0.227357 23.8812
479.592 -119.259 0.395717 3.62989 0.429234 7.96041
481.838 -119.518 -0.625866 1.26646 -0.408124 47.7624
484.86 -118.333 1.37337 0.0807634 0.478185 47.7624
485.557 -116.99 0.810882 1.49878 -0.35158 23.8812
483.199 -109.343 2.92893 1.20944 0.214549 55.7228
485.932 -108.296 -2.19756 3.13062 -0.357511 79.6041
486.26 -107.717 -1.97332 0.754837 -0.324267 23.8812
488.694 -106.768 2.71668 -1.80785 0.500792 7.96041
478.7 -103.889 3.0056 1.31114 0.0276764 7.96041
480.8 -103.544 -2.6802 -3.37512 -0.269813 47.7624
493.002 -75.5904 -1.28452 -4.16139 -0.0421092 7.96041
493.104 -75.8636 -1.14575 4.65302 0.444056 39.802
493.23 -80.6336 -1.94266 3.33843 -0.161215 47.7624
499.308 -83.359 1.0995 1.27432 0.291375 7.96041
498.696 -80.9994 2.54954 3.348 0.498284 31.8416
499.215 -81.2374 2.87439 -0.937963 -0.514945 71.6437
500.058 -81.5736 2.64972 3.08015 0.242252 7.96041
499.681 -81.3148 2.42998 0.00959178 -0.447249 47.7624
499.487 -81.119 2.27441 4.92064 -0.513103 15.9208
499.35 -80.9453 2.20365 1.24819 -0.309483 15.9208
498.859 -79.9541 1.85768 0.0139653 -0.301728 79.6041
498.895 -80.0681 1.90215 1.05768 -0.355989 31.8416
498.913 -80.1208 1.8846 -4.72677 0.305603 71.6437
497.323 -82.9317 0.227312 3.00262 0.428189 7.96041
499.672 -80.4811 1.38558 2.67377 0.311904 15.9208
499.676 -79.7252 1.74681 3.3408 0.443665 39.802
499.712 -80.3572 1.50845 -0.436191 0.359346 39.802
