80 -400 0 
82.398 -397.343 0.0378675 
84.796 -394.686 0.0757349 
87.1941 -392.03 0.113602 
89.5921 -389.373 0.15147 
91.9901 -386.716 0.189337 
94.3881 -384.059 0.227205 
96.7862 -381.402 0.265072 
99.1842 -378.746 0.30294 
101.582 -376.089 0.340807 
103.98 -373.432 0.378675 
106.378 -370.775 0.416542 
108.776 -368.118 0.45441 
111.174 -365.462 0.492277 
113.572 -362.805 0.530145 
115.97 -360.148 0.568012 
118.368 -357.491 0.605879 
120.766 -354.834 0.643747 
123.168 -352.186 0.681661 
125.576 -349.553 0.719669 
127.993 -346.946 0.757817 
130.424 -344.371 0.796153 
132.871 -341.837 0.834722 
135.338 -339.351 0.873572 
137.827 -336.924 0.912749 
140.343 -334.561 0.952301 
142.881 -332.256 0.99218 
145.439 -330 1.03234 
148.014 -327.785 1.07273 
150.601 -325.602 1.11332 
153.225 -323.509 1.15441 
155.907 -321.564 1.19635 
158.619 -319.692 1.23871 
161.539 -318.344 1.28406 
164.488 -317.065 1.32981 
167.493 -315.926 1.37637 
170.53 -314.866 1.42337 
173.575 -313.823 1.47048 
176.629 -312.803 1.51772 
179.695 -311.809 1.56512 
182.775 -310.847 1.61269 
185.869 -309.919 1.66047 
188.975 -309.016 1.70839 
192.087 -308.124 1.75638 
195.201 -307.231 1.80438 
198.312 -306.327 1.85231 
201.415 -305.398 1.90011 
204.506 -304.433 1.94771 
207.58 -303.421 1.99505 
210.633 -302.348 2.04204 
213.663 -301.212 2.08869 
216.67 -300.008 2.13495 
219.651 -298.734 2.18082 
222.605 -297.384 2.22627 
225.531 -295.956 2.27128 
228.428 -294.446 2.31583 
231.294 -292.849 2.3599 
234.128 -291.163 2.40347 
236.929 -289.383 2.44651 
239.695 -287.505 2.48901 
242.425 -285.527 2.53094 
245.118 -283.444 2.57229 
247.772 -281.252 2.61303 
250.385 -278.948 2.65315 
252.958 -276.528 2.69261 
255.488 -273.989 2.7314 
257.974 -271.336 2.76949 
260.417 -268.579 2.80681 
262.815 -265.723 2.84335 
265.168 -262.776 2.87904 
267.475 -259.745 2.91385 
269.735 -256.638 2.94773 
271.949 -253.462 2.98065 
274.115 -250.223 3.01256 
276.232 -246.93 3.04341 
278.301 -243.589 3.07318 
280.32 -240.207 3.1018 
282.289 -236.792 3.12925 
284.207 -233.351 -3.12771 
286.074 -229.891 -3.10275 
287.889 -226.42 -3.0791 
289.651 -222.943 -3.05679 
291.36 -219.47 -3.03588 
293.015 -216.007 -3.0164 
294.615 -212.56 -2.9984 
296.161 -209.138 -2.98191 
297.65 -205.748 -2.96699 
299.084 -202.396 -2.95367 
300.46 -199.091 -2.942 
301.778 -195.838 -2.93202 
303.039 -192.646 -2.92376 
304.24 -189.521 -2.91728 
305.382 -186.472 -2.91262 
306.464 -183.504 -2.90982 
307.485 -180.625 -2.90891 
308.445 -177.843 -2.90995 
309.343 -175.164 -2.91298 
310.178 -172.597 -2.91803 
310.954 -170.136 -2.92497 
311.673 -167.779 -2.93362 
312.338 -165.521 -2.94385 
312.952 -163.36 -2.95551 
313.518 -161.291 -2.96843 
314.039 -159.31 -2.98248 
314.518 -157.415 -2.99749 
314.957 -155.601 -3.01332 
315.36 -153.864 -3.02982 
315.729 -152.202 -3.04683 
316.068 -150.609 -3.0642 
316.38 -149.083 -3.08178 
316.666 -147.62 -3.09942 
316.931 -146.216 -3.11698 
317.177 -144.868 -3.13428 
317.406 -143.571 3.13199 
317.623 -142.323 3.11562 
317.829 -141.118 3.09995 
318.029 -139.955 3.08513 
318.223 -138.828 3.07131 
318.417 -137.735 3.05864 
318.611 -136.671 3.04728 
318.811 -135.634 3.03737 
319.017 -134.618 3.02906 
319.234 -133.621 3.02251 
319.463 -132.639 3.01788 
319.709 -131.668 3.0153 
319.973 -130.704 3.01493 
320.26 -129.745 3.01693 
320.571 -128.785 3.02144 
320.91 -127.822 3.02862 
321.279 -126.851 3.03862 
321.68 -125.874 3.0513 
322.113 -124.89 3.06654 
322.579 -123.901 3.08419 
323.08 -122.907 3.10413 
323.616 -121.908 3.12623 
324.188 -120.905 -3.13284 
324.797 -119.899 -3.10683 
325.444 -118.89 -3.07907 
326.129 -117.878 -3.04968 
326.855 -116.865 -3.0188 
327.621 -115.85 -2.98656 
328.429 -114.835 -2.9531 
329.279 -113.819 -2.91854 
330.172 -112.804 -2.88302 
331.11 -111.79 -2.84667 
332.094 -110.777 -2.80963 
333.123 -109.766 -2.77202 
334.2 -108.758 -2.73398 
335.324 -107.753 -2.69564 
336.498 -106.751 -2.65714 
337.721 -105.754 -2.61861 
338.996 -104.761 -2.58017 
340.322 -103.774 -2.54197 
341.7 -102.793 -2.50413 
343.132 -101.818 -2.46679 
344.619 -100.849 -2.43008 
346.161 -99.8888 -2.39413 
347.759 -98.9363 -2.35908 
349.415 -97.9923 -2.32506 
351.128 -97.0575 -2.29219 
352.901 -96.1323 -2.26062 
354.734 -95.2174 -2.23048 
356.625 -94.3124 -2.20171 
358.572 -93.4169 -2.17429 
360.574 -92.5308 -2.14815 
362.628 -91.6536 -2.12327 
364.732 -90.785 -2.09958 
366.886 -89.9247 -2.07706 
369.086 -89.0724 -2.05565 
371.331 -88.2278 -2.03531 
373.62 -87.3905 -2.01599 
375.949 -86.5602 -1.99765 
378.318 -85.7367 -1.98025 
380.725 -84.9196 -1.96374 
383.167 -84.1085 -1.94808 
385.643 -83.3032 -1.93321 
388.15 -82.5033 -1.91911 
390.688 -81.7085 -1.90572 
393.254 -80.9185 -1.893 
395.846 -80.133 -1.8809 
398.462 -79.3517 -1.86938 
401.101 -78.5742 -1.85839 
403.761 -77.8002 -1.8479 
406.439 -77.0294 -1.83785 
409.134 -76.2614 -1.8282 
411.845 -75.4961 -1.81891 
414.568 -74.7329 -1.80993 
417.303 -73.9717 -1.80122 
420.047 -73.2121 -1.79273 
422.798 -72.4537 -1.78442 
425.555 -71.6964 -1.77624 
428.316 -70.9396 -1.76815 
431.079 -70.1832 -1.7601 

