20 20 1.5708 
20.1716 20.5777 1.57044 
20.3431 21.1552 1.57008 
20.5141 21.7326 1.56973 
20.6847 22.3095 1.56937 
20.8545 22.8859 1.569 
21.0235 23.4617 1.56864 
21.1914 24.0368 1.56826 
21.358 24.611 1.56789 
21.5233 25.1842 1.5675 
21.6869 25.7563 1.56712 
21.8488 26.3271 1.56672 
22.0087 26.8965 1.56631 
22.1665 27.4645 1.5659 
22.322 28.0308 1.56548 
22.475 28.5954 1.56504 
22.6253 29.1581 1.5646 
22.7728 29.7188 1.56414 
22.9173 30.2774 1.56367 
23.0586 30.8338 1.56319 
23.1965 31.3877 1.56269 
23.3309 31.9392 1.56218 
23.4616 32.4881 1.56165 
23.5884 33.0342 1.56111 
23.7111 33.5774 1.56055 
23.8295 34.1177 1.55997 
23.9435 34.6548 1.55937 
24.0529 35.1887 1.55875 
24.1575 35.7192 1.55811 
24.2571 36.2462 1.55746 
24.3517 36.7697 1.55678 
24.4408 37.2893 1.55607 
24.5245 37.8051 1.55535 
24.6026 38.3169 1.5546 
24.6751 38.826 1.55383 
24.7423 39.3337 1.55305 
24.8044 39.8412 1.55227 
24.8616 40.3499 1.55148 
24.914 40.861 1.55069 
24.9619 41.3758 1.54991 
25.0054 41.8957 1.54915 
25.0447 42.4218 1.5484 
25.08 42.9554 1.54768 
25.1115 43.498 1.54699 
25.1394 44.0507 1.54633 
25.1638 44.6147 1.54572 
25.1849 45.1916 1.54515 
25.203 45.7824 1.54464 
25.2182 46.3884 1.54418 
25.2306 47.0111 1.54378 
25.2406 47.6516 1.54345 
25.2482 48.3112 1.54319 
25.2536 48.9912 1.54302 
25.2571 49.6929 1.54292 
25.2588 50.4177 1.54292 
25.2589 51.1667 1.54301 
25.2576 51.9412 1.5432 
25.2551 52.7426 1.5435 
25.2515 53.5721 1.5439 
25.2471 54.431 1.54443 
25.242 55.3207 1.54507 
25.2365 56.2423 1.54584 
25.2306 57.1971 1.54675 
25.2246 58.1865 1.54779 
25.2187 59.2118 1.54898 
25.2131 60.2741 1.55031 
25.2078 61.3713 1.55178 
25.2029 62.5009 1.55339 
25.1986 63.6607 1.55511 
25.1949 64.8483 1.55694 
25.192 66.0614 1.55886 
25.1898 67.2977 1.56088 
25.1886 68.5548 1.56297 
25.1883 69.8304 1.56514 
25.1892 71.1222 1.56736 
25.1912 72.428 1.56963 
25.1946 73.7452 1.57194 
25.1992 75.0717 1.57428 
25.2054 76.4051 1.57664 
25.2131 77.7431 1.57901 
25.2225 79.0833 1.58137 
25.2336 80.4235 1.58373 
25.2466 81.7613 1.58606 
25.2615 83.0943 1.58836 
25.2784 84.4203 1.59062 
25.2974 85.737 1.59283 
25.3186 87.0419 1.59498 
25.3421 88.3329 1.59706 
25.3681 89.6075 1.59906 
25.3965 90.8634 1.60096 
25.4275 92.0984 1.60277 
25.4612 93.31 1.60446 
25.4976 94.496 1.60604 
25.5369 95.6541 1.60748 
25.5791 96.7818 1.60878 
25.6244 97.877 1.60993 
25.6729 98.9372 1.61092 
25.7245 99.9602 1.61174 
25.7793 100.947 1.61239 
25.837 101.898 1.61289 
25.8976 102.815 1.61323 
25.961 103.699 1.61343 
26.0269 104.55 1.61349 
26.0953 105.369 1.61341 
26.1661 106.158 1.61321 
26.239 106.917 1.61288 
26.3141 107.648 1.61244 
26.3911 108.351 1.61189 
26.47 109.027 1.61124 
26.5506 109.677 1.61049 
26.6328 110.303 1.60965 
26.7165 110.905 1.60873 
26.8015 111.483 1.60773 
26.8877 112.04 1.60666 
26.975 112.576 1.60552 
27.0633 113.091 1.60433 
27.1524 113.588 1.60308 
27.2422 114.066 1.60178 
27.3326 114.527 1.60044 
27.4235 114.972 1.59907 
27.5146 115.402 1.59767 
27.606 115.817 1.59625 
27.6975 116.219 1.59482 
27.789 116.608 1.59337 
27.8802 116.986 1.59192 
27.9712 117.353 1.59047 
28.0617 117.711 1.58903 
28.1517 118.06 1.58761 
28.241 118.402 1.58621 
28.3295 118.737 1.58483 
28.4173 119.065 1.58348 
28.5046 119.387 1.58214 
28.5914 119.703 1.58079 
28.6779 120.012 1.57945 
28.7642 120.316 1.57809 
28.8505 120.615 1.5767 
28.9367 120.908 1.57529 
29.0232 121.195 1.57383 
29.1099 121.478 1.57233 
29.197 121.756 1.57078 
29.2846 122.029 1.56915 
29.3729 122.297 1.56746 
29.4619 122.561 1.56568 
29.5519 122.821 1.56382 
29.6428 123.077 1.56186 
29.7349 123.329 1.55979 
29.8282 123.577 1.55761 
29.9228 123.822 1.5553 
30.019 124.064 1.55287 
30.1168 124.303 1.55029 
30.2163 124.539 1.54757 
30.3176 124.772 1.54469 
30.4209 125.002 1.54164 
30.5263 125.23 1.53843 
30.6339 125.456 1.53503 
30.7439 125.68 1.53144 
30.8563 125.902 1.52765 
30.9712 126.123 1.52366 
31.0889 126.342 1.51946 
31.2094 126.559 1.51503 
31.3328 126.776 1.51036 
31.4592 126.992 1.50546 
31.5889 127.207 1.50034 
31.7219 127.421 1.495 
31.8583 127.634 1.48946 
31.9984 127.847 1.48373 
32.1423 128.059 1.47783 
32.2901 128.271 1.47176 
32.442 128.482 1.46555 
32.598 128.693 1.45921 
32.7584 128.903 1.45275 
32.9233 129.113 1.44617 
33.0928 129.324 1.4395 
33.2671 129.534 1.43275 
33.4463 129.744 1.42594 
33.6306 129.954 1.41906 
33.8201 130.164 1.41215 
34.0149 130.374 1.4052 
34.2152 130.585 1.39824 
34.4212 130.796 1.39128 
34.633 131.007 1.38433 
34.8506 131.219 1.3774 
35.0744 131.431 1.37051 
35.3043 131.644 1.36367 
35.5406 131.857 1.35689 
35.7834 132.071 1.35019 
36.0329 132.286 1.34358 
36.2891 132.502 1.33707 
36.5523 132.719 1.33068 
36.8225 132.937 1.32442 
37.1 133.155 1.31829 
37.3848 133.375 1.31233 
37.6771 133.597 1.30653 
37.9771 133.819 1.30092 
38.2843 134.042 1.29548 
38.5982 134.267 1.29022 
38.9185 134.491 1.28514 
39.2446 134.717 1.28023 
39.5763 134.942 1.27548 
39.9129 135.167 1.27091 
40.2541 135.392 1.2665 
40.5994 135.616 1.26225 
40.9484 135.84 1.25816 
41.3007 136.062 1.25423 
41.6557 136.283 1.25045 
42.0132 136.503 1.24683 
42.3726 136.72 1.24335 
42.7334 136.936 1.24002 
43.0954 137.15 1.23684 
43.4579 137.361 1.2338 
43.8206 137.57 1.2309 
44.1831 137.775 1.22813 
44.5448 137.978 1.22551 
44.9054 138.177 1.22301 
45.2644 138.373 1.22064 
45.6214 138.564 1.2184 
45.9759 138.752 1.21629 
46.3276 138.936 1.2143 
46.6759 139.115 1.21243 
47.0204 139.289 1.21068 
47.3606 139.458 1.20904 
47.6962 139.622 1.20751 
48.0268 139.781 1.2061 
48.3517 139.934 1.20479 
48.6707 140.081 1.20359 
48.9833 140.221 1.20249 
49.29 140.356 1.20149 
49.5913 140.485 1.20058 
49.8878 140.609 1.19975 
50.1799 140.726 1.199 
50.4683 140.839 1.19833 
50.7534 140.946 1.19772 
51.0357 141.048 1.19716 
51.3159 141.145 1.19667 
51.5943 141.237 1.19622 
51.8716 141.324 1.19581 
52.1483 141.407 1.19544 
52.4248 141.485 1.1951 
52.7018 141.559 1.19478 
52.9797 141.629 1.19448 
53.2591 141.695 1.19419 
53.5404 141.757 1.1939 
53.8243 141.816 1.19362 
54.1112 141.871 1.19332 
54.4017 141.922 1.19301 
54.6963 141.97 1.19269 
54.9955 142.015 1.19233 
55.2998 142.057 1.19195 
55.6099 142.096 1.19153 
55.9261 142.132 1.19106 
56.249 142.166 1.19054 
56.5792 142.197 1.18997 
56.9172 142.226 1.18933 
57.2635 142.253 1.18863 
57.6186 142.278 1.18785 
57.983 142.301 1.18699 
58.3573 142.322 1.18605 
58.7421 142.342 1.18501 
59.1372 142.359 1.18388 
59.5426 142.375 1.18267 
59.9584 142.388 1.18138 
60.3845 142.399 1.18002 
60.8209 142.407 1.17858 
61.2676 142.412 1.17709 
61.7244 142.413 1.17553 
62.1915 142.411 1.17392 
62.6688 142.404 1.17226 
63.1562 142.394 1.17056 
63.6537 142.379 1.16882 
64.1614 142.36 1.16704 
64.6791 142.336 1.16523 
65.2069 142.306 1.16339 
65.7447 142.272 1.16153 
66.2925 142.231 1.15966 
66.8503 142.185 1.15778 
67.4181 142.132 1.15589 
67.9958 142.073 1.154 
68.5834 142.007 1.15211 
69.1809 141.935 1.15023 
69.7883 141.855 1.14836 
70.4054 141.767 1.14651 
71.0324 141.672 1.14469 
71.6692 141.569 1.14289 
72.3158 141.458 1.14112 
72.972 141.338 1.13939 
73.638 141.21 1.1377 
74.3137 141.073 1.13606 
74.999 140.926 1.13447 
75.694 140.77 1.13293 
76.3986 140.604 1.13146 
77.1119 140.429 1.13005 
77.833 140.245 1.1287 
78.5609 140.052 1.12741 
79.2949 139.852 1.12618 
80.034 139.645 1.12501 
80.7773 139.43 1.1239 
81.5239 139.209 1.12286 
82.2729 138.982 1.12187 
83.0234 138.749 1.12095 
83.7744 138.511 1.12009 
84.5252 138.268 1.11929 
85.2747 138.022 1.11855 
86.0221 137.771 1.11787 
86.7665 137.517 1.11725 
87.5069 137.261 1.1167 
88.2426 137.002 1.1162 
88.9724 136.741 1.11577 
89.6957 136.479 1.11539 
90.4114 136.216 1.11508 
91.1187 135.952 1.11483 
91.8167 135.689 1.11464 
92.5044 135.426 1.11452 
93.1809 135.163 1.11445 
93.8454 134.903 1.11445 
94.497 134.644 1.1145 
95.1347 134.387 1.11462 
95.7577 134.133 1.1148 
96.365 133.882 1.11504 
96.9557 133.635 1.11534 
97.529 133.392 1.1157 
98.0839 133.154 1.11613 
98.6195 132.92 1.11661 
99.1365 132.692 1.11715 
99.6355 132.468 1.11774 
100.117 132.248 1.11838 
100.582 132.032 1.11905 
101.031 131.82 1.11975 
101.464 131.612 1.12048 
101.883 131.406 1.12123 
102.288 131.203 1.122 
102.679 131.003 1.12277 
103.057 130.805 1.12355 
103.423 130.609 1.12432 
103.777 130.415 1.12509 
104.12 130.222 1.12584 
104.453 130.031 1.12657 
104.776 129.84 1.12727 
105.091 129.65 1.12794 
105.396 129.46 1.12857 
105.694 129.27 1.12915 
105.985 129.08 1.12969 
106.27 128.889 1.13017 
106.548 128.698 1.13059 
106.822 128.506 1.13094 
107.09 128.312 1.13122 
107.355 128.116 1.13142 
107.617 127.919 1.13153 
107.876 127.719 1.13156 
108.132 127.517 1.13148 
108.388 127.312 1.1313 
108.643 127.104 1.13102 
108.897 126.893 1.13062 
109.152 126.678 1.1301 
109.409 126.459 1.12945 
109.666 126.237 1.12868 
109.925 126.009 1.12778 
110.185 125.777 1.12676 
110.447 125.54 1.12562 
110.711 125.298 1.12436 
110.976 125.05 1.12299 
111.244 124.797 1.12149 
111.513 124.537 1.11989 
111.784 124.271 1.11816 
112.057 123.999 1.11633 
112.333 123.719 1.11438 
112.611 123.433 1.11232 
112.891 123.139 1.11016 
113.174 122.837 1.10788 
113.46 122.528 1.10551 
113.748 122.21 1.10302 
114.039 121.884 1.10044 
114.333 121.549 1.09775 
114.63 121.205 1.09496 
114.93 120.852 1.09207 
115.234 120.489 1.08908 
115.541 120.116 1.086 
115.851 119.733 1.08282 
116.164 119.34 1.07955 
116.482 118.936 1.07619 
116.803 118.521 1.07274 
117.127 118.095 1.06919 
117.456 117.658 1.06556 
117.789 117.208 1.06184 
118.125 116.747 1.05804 
118.466 116.274 1.05415 
118.812 115.788 1.05018 
119.161 115.29 1.04612 
119.514 114.781 1.04199 
119.871 114.262 1.03779 
120.231 113.734 1.03351 
120.595 113.197 1.02916 
120.962 112.652 1.02474 
121.332 112.1 1.02025 
121.704 111.542 1.0157 
122.079 110.979 1.01109 
122.456 110.411 1.00642 
122.835 109.839 1.00169 
123.216 109.264 0.99691 
123.599 108.687 0.992076 
123.983 108.108 0.987191 
124.368 107.529 0.982258 
124.755 106.95 0.97728 
125.142 106.372 0.972259 
125.53 105.795 0.967198 
125.919 105.221 0.962098 
126.308 104.65 0.956962 
126.696 104.084 0.951793 
127.085 103.522 0.946592 
127.474 102.965 0.941363 
127.861 102.416 0.936107 
128.248 101.873 0.930827 
128.635 101.339 0.925525 
129.02 100.813 0.920203 
129.403 100.297 0.914864 
129.785 99.7916 0.909511 
130.166 99.2972 0.904145 
130.544 98.8148 0.898769 
130.92 98.3452 0.893385 
131.294 97.8882 0.887995 
131.666 97.4436 0.882603 
132.036 97.0113 0.87721 
132.404 96.5912 0.871818 
132.769 96.183 0.86643 
133.132 95.7865 0.861049 
133.492 95.4016 0.855676 
133.851 95.0282 0.850314 
134.207 94.6661 0.844966 
134.561 94.315 0.839633 
134.912 93.9749 0.834318 
135.261 93.6455 0.829023 
135.607 93.3266 0.823751 
135.952 93.0183 0.818504 
136.293 92.7201 0.813285 
136.633 92.432 0.808095 
136.969 92.1539 0.802937 
137.304 91.8854 0.797814 
137.636 91.6266 0.792727 
137.965 91.3771 0.787679 
138.292 91.1368 0.782673 
138.616 90.9057 0.777711 
138.937 90.6834 0.772794 
139.256 90.4698 0.767926 
139.573 90.2627 0.763095 
139.889 90.0601 0.758288 
140.204 89.8596 0.753492 
140.509 89.6912 0.748929 
140.813 89.5229 0.744365 
141.117 89.3546 0.739801 
141.419 89.1936 0.735304 
141.715 89.0473 0.730942 
142.008 88.9102 0.726677 
142.3 88.7764 0.722473 
142.591 88.6478 0.71836 
142.88 88.5259 0.714368 
143.168 88.4108 0.71051 
143.455 88.3023 0.706801 
143.74 88.2001 0.703254 
144.025 88.1043 0.699882 
144.31 88.0146 0.696699 
144.595 87.9309 0.693718 
144.88 87.8531 0.690953 
145.165 87.781 0.688417 
145.451 87.7146 0.686124 
145.738 87.6537 0.684088 
146.026 87.5981 0.682321 
146.316 87.5477 0.680838 
146.608 87.5024 0.679651 
146.901 87.462 0.678775 
147.197 87.4265 0.678223 
147.496 87.3956 0.678008 
147.797 87.3693 0.678144 
148.102 87.3474 0.678645 
148.41 87.3297 0.679523 
148.721 87.3162 0.680793 
149.037 87.3068 0.682468 
149.356 87.3011 0.684562 
149.681 87.2992 0.687087 
150.009 87.301 0.690058 
150.343 87.3061 0.693488 
150.682 87.3147 0.69739 
151.027 87.3264 0.701778 
151.378 87.3412 0.706666 
151.734 87.3589 0.712038 
152.095 87.3795 0.717878 
152.462 87.4029 0.724171 
152.834 87.429 0.730901 
153.21 87.4577 0.738052 
153.592 87.4889 0.745609 
153.978 87.5224 0.753557 
154.368 87.5583 0.761879 
154.762 87.5963 0.77056 
155.161 87.6365 0.779584 
155.563 87.6787 0.788937 
155.969 87.7228 0.798601 
156.378 87.7687 0.808563 
156.79 87.8163 0.818805 
157.206 87.8656 0.829312 
157.624 87.9164 0.84007 
158.046 87.9686 0.851061 
158.469 88.0222 0.862271 
158.896 88.077 0.873684 
159.324 88.133 0.885284 
159.754 88.19 0.897056 
160.186 88.248 0.908985 
160.62 88.3069 0.921053 
161.055 88.3665 0.933247 
161.491 88.4268 0.945549 
161.929 88.4876 0.957946 
162.367 88.5489 0.97042 
162.806 88.6107 0.982957 
163.239 88.6888 0.994548 
163.656 88.7995 1.00418 
164.051 88.9588 1.01086 
164.417 89.1826 1.01356 
164.767 89.4388 1.01428 
165.087 89.7597 1.01102 
165.408 90.0805 1.00777 
165.728 90.4014 1.00452 
166.047 90.7216 1.00135 
166.365 91.0407 0.998347 
166.679 91.3579 0.995603 
166.989 91.6727 0.993199 
167.296 91.9855 0.991093 
167.6 92.2964 0.989242 
167.901 92.6059 0.987603 
168.2 92.9141 0.986134 
168.497 93.2209 0.984879 
168.79 93.5259 0.983878 
169.08 93.8287 0.983175 
169.366 94.1292 0.982811 
169.648 94.4271 0.98281 
169.925 94.7223 0.983191 
170.198 95.0147 0.983976 
170.465 95.304 0.985186 
170.727 95.5903 0.986842 
170.984 95.8732 0.988966 
171.235 96.1527 0.991579 
171.479 96.4286 0.994703 
171.718 96.7007 0.998358 
171.95 96.969 1.00257 
172.175 97.2332 1.00735 
172.393 97.4932 1.01272 
172.603 97.7488 1.01872 
172.806 98 1.02535 
173.002 98.2465 1.03264 
173.189 98.4882 1.04061 
173.368 98.7268 1.04922 
173.54 98.9639 1.05844 
173.704 99.2011 1.06824 
173.861 99.44 1.07857 
174.012 99.6825 1.0894 
174.155 99.93 1.10069 
174.292 100.184 1.11241 
174.423 100.447 1.12453 
174.548 100.719 1.13699 
174.666 101.004 1.14978 
174.78 101.301 1.16285 
174.888 101.614 1.17616 
174.99 101.943 1.18969 
175.088 102.29 1.20339 
175.181 102.657 1.21723 
175.27 103.046 1.23118 
175.354 103.458 1.24518 
175.434 103.894 1.25922 
175.511 104.357 1.27326 
175.584 104.849 1.28725 
175.653 105.37 1.30116 
175.72 105.922 1.31496 
175.783 106.507 1.32861 
175.844 107.127 1.34207 
175.903 107.784 1.35531 
175.959 108.478 1.36829 
176.013 109.212 1.38097 
176.065 109.987 1.39333 
176.116 110.806 1.40531 
176.165 111.668 1.4169 
176.214 112.577 1.42804 
176.261 113.534 1.43871 
176.308 114.536 1.44891 
176.353 115.581 1.45866 
176.398 116.666 1.46796 
176.443 117.789 1.47683 
176.487 118.947 1.48528 
176.531 120.139 1.49331 
176.574 121.36 1.50094 
176.617 122.609 1.50817 
176.659 123.884 1.51503 
176.702 125.181 1.52151 
176.744 126.499 1.52762 
176.787 127.834 1.53339 
176.829 129.185 1.53881 
176.872 130.548 1.54391 
176.914 131.922 1.54868 
176.958 133.303 1.55314 
177.001 134.69 1.5573 
177.045 136.079 1.56117 
177.089 137.469 1.56476 
177.134 138.856 1.56808 
177.18 140.239 1.57115 
177.226 141.614 1.57396 
177.273 142.98 1.57653 
177.321 144.333 1.57888 
177.37 145.671 1.58101 
177.42 146.993 1.58293 
177.471 148.294 1.58465 
177.523 149.573 1.58619 
177.576 150.827 1.58755 
177.631 152.054 1.58874 
177.687 153.251 1.58978 
177.744 154.416 1.59067 
177.803 155.549 1.59142 
177.864 156.653 1.59203 
177.925 157.726 1.59251 
177.988 158.772 1.59286 
178.052 159.79 1.59309 
178.117 160.782 1.59321 
178.184 161.749 1.5932 
178.251 162.691 1.59309 
178.32 163.611 1.59287 
178.389 164.508 1.59256 
178.46 165.383 1.59214 
178.531 166.239 1.59164 
178.604 167.076 1.59105 
178.677 167.894 1.59037 
178.751 168.695 1.58962 
178.825 169.48 1.5888 
178.9 170.249 1.58791 
178.976 171.005 1.58695 
179.053 171.747 1.58594 
179.13 172.478 1.58487 
179.207 173.197 1.58375 
179.285 173.906 1.58258 
179.364 174.606 1.58138 
179.442 175.298 1.58013 
179.521 175.983 1.57886 
179.601 176.662 1.57756 
179.68 177.335 1.57623 
179.76 178.005 1.57489 
179.84 178.672 1.57353 
179.92 179.336 1.57217 
180 180 1.5708 

