80 -400 0 0 0 0
71.4877 -390.527 -1.67754 -4.41539 0.116282 39.802
68.8156 -386.496 -0.293271 -0.658919 -0.258038 7.96041
65.7458 -379.318 -2.04005 3.46088 0.193906 15.9208
76.7035 -380.544 1.81717 4.96284 0.168293 71.6437
88.8425 -379.353 -1.62145 3.7657 -0.160766 15.9208
100.615 -378.578 1.75289 2.51776 0.166804 7.96041
101.149 -380.368 1.9681 0.828609 -0.114495 63.6832
105.78 -380.43 -1.99508 -2.86495 -0.376965 79.6041
115.916 -374.082 3.11417 4.06221 0.0923555 63.6832
119.748 -373.046 -2.58576 2.26312 -0.143854 55.7228
117.218 -370.818 1.14151 3.43064 -0.51661 23.8812
122.864 -368.739 -0.436133 -1.1706 -0.231628 39.802
121.902 -366.091 -2.00859 -0.982485 0.465439 15.9208
120.798 -360.713 -0.728197 1.01427 -0.214272 79.6041
130.68 -354.245 1.88723 -3.45988 0.162086 39.802
135.105 -347.195 0.133336 3.04749 -0.182668 47.7624
138.216 -349.936 -1.57783 -2.7911 -0.349304 47.7624
145.686 -338.933 -2.75673 -0.885806 0.0834043 15.9208
149.52 -337.603 -2.85852 -0.509992 0.0250691 7.96041
150.206 -337.545 3.02697 -4.61246 0.521123 23.8812
147.608 -333.484 1.25269 -4.2151 -0.311199 7.96041
150.867 -332.895 -0.895287 0.50829 -0.488053 7.96041
162.61 -317.29 2.74671 4.61145 0.0988939 7.96041
163.967 -317.643 3.02699 -1.37985 -0.196616 23.8812
162.798 -311.646 0.499686 2.63177 -0.302423 79.6041
158.335 -300.349 -2.88876 -3.06667 0.161968 31.8416
160.488 -298.876 -2.19466 -3.36091 -0.255122 7.96041
163.756 -299.295 1.93952 3.44458 0.490243 15.9208
189.834 -295.998 -1.68799 -4.51737 -0.0737206 7.96041
190.898 -294.268 -2.55675 -3.10128 0.392751 39.802
194.253 -295.154 2.04021 -2.99661 0.40649 15.9208
218.733 -293.786 -1.92853 1.72429 -0.0745549 79.6041
223.018 -299.394 0.0918154 -2.76028 0.235536 15.9208
224.261 -298.768 0.840835 2.2964 0.484106 31.8416
224.305 -298.721 0.816727 -2.11699 -0.356476 23.8812
228.131 -299.516 -1.22654 0.196007 -0.411599 23.8812
229.581 -297.079 -2.98873 -0.928943 0.49824 15.9208
232.272 -294.365 -1.7153 3.74067 -0.301681 63.6832
240.907 -295.098 1.5461 -1.64781 0.226429 7.96041
244.98 -295.935 -1.95152 -0.369627 -0.442122 15.9208
245.037 -293.608 -1.23893 -3.42852 -0.291217 55.7228
246.178 -294.832 -0.401726 3.82668 0.452293 47.7624
248.162 -288.632 2.92387 -1.27496 0.296888 39.802
249.779 -291.885 1.14049 3.08013 0.404734 79.6041
253.095 -291.838 -1.11209 1.84382 -0.498548 39.802
253.786 -294.987 -1.59814 -2.57583 -0.148176 47.7624
263.437 -299.107 0.791218 -2.68641 0.175441 47.7624
264.759 -298.077 0.532743 -0.984377 -0.152582 39.802
271.071 -303.777 -2.00186 4.34012 -0.220754 47.7624
271.316 -302.611 -1.55402 -0.548617 -0.356592 63.6832
271.891 -300.092 -2.03623 -2.95655 0.182755 23.8812
271.831 -297.483 -1.05944 -1.38483 -0.345307 39.802
275.596 -297.952 0.811622 -1.30651 0.401236 7.96041
281.333 -306.755 -2.79814 -3.44659 -0.18309 23.8812
297.56 -308.85 2.54141 -0.237096 0.055498 71.6437
301.711 -305.942 -1.31941 2.30109 -0.353833 63.6832
303.372 -307.497 -0.185886 0.911711 0.440949 31.8416
311.642 -318.266 -1.64599 0.933611 -0.0979224 15.9208
319.315 -321.228 0.909272 -2.01194 0.228704 7.96041
318.445 -318.008 2.76031 1.80954 0.446748 23.8812
320.062 -319.736 1.88599 4.38104 0.343641 79.6041
323.388 -316.358 -0.299816 3.25245 -0.358413 63.6832
297.831 -289.991 -1.30215 -4.81202 0.0261621 7.96041
308.052 -286.987 1.87385 1.84265 0.185549 63.6832
309.15 -283.739 0.615987 -3.22047 -0.330547 55.7228
307.909 -280.003 -3.11645 2.27523 0.452423 47.7624
306.355 -277.337 1.03038 4.40509 -0.516581 15.9208
306.554 -275.861 1.84335 2.24897 0.488149 79.6041
322.719 -232.038 0.591463 1.25389 -0.0250803 39.802
323.589 -230.31 1.61742 2.96679 0.469539 71.6437
323.322 -229.225 2.00604 0.0706675 0.332597 15.9208
331.089 -191.609 0.728315 1.29247 -0.0310387 31.8416
354.764 -215.353 -2.30203 -3.4308 -0.0594856 15.9208
354.793 -209.032 -0.84859 -4.18893 -0.207213 15.9208
358.849 -209.965 0.396351 4.50573 0.273135 15.9208
373.227 -236.924 -2.55805 1.42374 -0.0650806 31.8416
390.64 -242.118 1.97829 -1.30057 0.0841688 15.9208
390.634 -242.105 1.98225 3.90685 0.27568 39.802
392.834 -245.966 2.19532 -0.279637 -0.0478242 15.9208
405.345 -247.467 -2.43425 2.05534 -0.116258 71.6437
406.305 -251.185 -0.201784 2.48115 0.43772 39.802
435.573 -237.774 1.0611 0.721052 0.0366555 47.7624
436.063 -235.091 1.71947 -2.10352 0.232763 23.8812
469.231 -243.486 -2.21524 -2.73589 -0.0538671 15.9208
471.912 -233.647 -1.4583 -1.31221 -0.0723413 7.96041
474.369 -231.695 2.80063 2.2426 0.495509 39.802
472.974 -229.825 1.62286 -3.23834 -0.444327 31.8416
482.072 -226.448 -0.911993 -3.47394 -0.194185 23.8812
485.581 -220.853 2.93338 -1.17585 0.276985 63.6832
488.711 -212.822 -0.535116 -1.18871 -0.225078 79.6041
489.812 -213.201 -0.126753 1.38958 0.335081 39.802
508.121 -195.015 1.69084 -3.68154 0.0610555 47.7624
509.77 -192.811 0.165993 -1.18111 -0.465065 71.6437
510.437 -192.795 -0.119519 3.71973 -0.403003 39.802
513.385 -191.302 1.05707 2.03159 0.324063 47.7624
514.868 -189.493 0.710843 -1.6884 -0.146199 23.8812
517.639 -172.19 2.11322 4.37099 0.0734984 23.8812
520.181 -169.768 -0.590486 2.46812 -0.507411 47.7624
524.285 -169.339 0.798563 0.562521 0.300804 7.96041
527.249 -168.309 -0.129731 0.408732 -0.277936 7.96041
524.124 -155.987 -2.51513 4.37382 0.145184 15.9208
517.873 -144.044 0.337976 2.0777 -0.145786 31.8416
515.685 -143.446 -0.871626 -2.83196 0.464829 71.6437
496.65 -143.183 0.843976 -2.71217 -0.0793003 7.96041
493.83 -136.755 3.12451 1.03871 0.253374 31.8416
491.022 -116.039 0.286472 3.20129 -0.0942848 71.6437
491.691 -111.739 2.54661 -0.389325 0.39397 63.6832
518.774 -92.5912 -1.31579 2.25887 -0.0563655 79.6041
522.697 -88.5964 2.90465 1.97592 0.297383 79.6041
522.476 -85.0362 0.360748 3.98096 -0.491906 15.9208
522.532 -81.6817 2.74759 2.73822 0.506057 63.6832
520.112 -77.4449 1.43207 2.31987 -0.245526 23.8812
513.652 -72.2849 -2.78003 1.25049 0.205141 7.96041
509.019 -69.9689 1.85291 -3.12467 -0.276401 47.7624
505.266 -71.2008 -1.21861 3.38558 0.468455 23.8812
498.259 -70.2345 0.944537 1.78877 -0.244579 79.6041
494.491 -73.1408 0.369518 3.23571 0.118624 63.6832
498.237 -74.3978 -1.01694 3.34414 -0.312782 47.7624
495.375 -78.466 2.93212 -1.87058 -0.354138 23.8812
499.23 -77.9903 -2.68659 4.18133 -0.166353 79.6041
500.123 -77.7398 -3.04966 -4.75066 0.371244 47.7624
499.657 -77.741 3.05511 -4.12121 -0.365144 55.7228
499.684 -77.7435 3.04199 0.677 0.463122 55.7228
501.189 -78.7626 2.05094 4.05007 0.481993 79.6041
501.305 -79.0376 1.89152 4.73022 0.489811 39.802
500.882 -81.0138 0.828196 -2.18654 0.465007 23.8812
501.427 -80.0216 1.30837 -3.36815 0.39767 79.6041
501.317 -80.5299 1.40583 2.09595 -0.185183 47.7624
501.186 -79.4835 1.98437 -0.309306 0.495906 71.6437
501.319 -80.4327 1.43527 1.09188 0.514818 39.802
501.323 -80.4038 1.4445 -1.66526 0.305864 23.8812
501.317 -79.709 1.7135 -0.97873 0.368366 15.9208
501.301 -79.5614 1.64549 2.71101 -0.42948 55.7228
501.241 -80.1768 1.30101 0.395718 0.506135 55.7228
