80 -400 0 
81.5781 -397.795 0.0565189 
83.158 -395.591 0.112919 
84.7413 -393.388 0.169083 
86.3299 -391.187 0.224891 
87.9254 -388.988 0.280225 
89.5296 -386.792 0.334966 
91.1442 -384.599 0.388997 
92.771 -382.41 0.442198 
94.4117 -380.226 0.494451 
96.068 -378.046 0.545638 
97.7417 -375.872 0.59564 
99.4345 -373.705 0.644338 
101.148 -371.544 0.691615 
102.884 -369.391 0.737351 
104.645 -367.245 0.781428 
106.432 -365.108 0.823728 
108.246 -362.98 0.864132 
110.09 -360.861 0.902521 
111.965 -358.753 0.938778 
113.873 -356.655 0.972783 
115.816 -354.569 1.00442 
117.796 -352.494 1.03357 
119.814 -350.432 1.06011 
121.871 -348.383 1.08392 
123.971 -346.347 1.10489 
126.113 -344.325 1.1229 
128.301 -342.318 1.13783 
130.536 -340.326 1.14956 
132.82 -338.35 1.15797 
135.154 -336.39 1.16294 
137.54 -334.447 1.16436 
139.979 -332.522 1.16211 
142.475 -330.614 1.15607 
145.023 -328.724 1.14638 
147.62 -326.852 1.13318 
150.264 -324.995 1.11664 
152.95 -323.155 1.09688 
155.677 -321.33 1.07406 
158.44 -319.521 1.04831 
161.237 -317.726 1.0198 
164.065 -315.945 0.988658 
166.92 -314.178 0.955032 
169.8 -312.425 0.91907 
172.7 -310.683 0.880916 
175.619 -308.955 0.840715 
178.553 -307.237 0.798613 
181.498 -305.531 0.754757 
184.452 -303.836 0.70929 
187.412 -302.152 0.662359 
190.374 -300.477 0.614108 
193.336 -298.811 0.564684 
196.294 -297.154 0.514232 
199.244 -295.506 0.462898 
202.185 -293.865 0.410826 
205.113 -292.232 0.358162 
208.024 -290.606 0.305052 
210.916 -288.986 0.251641 
213.785 -287.372 0.198075 
216.628 -285.764 0.144499 
219.443 -284.161 0.091058 
222.226 -282.562 0.0378982 
224.973 -280.967 -0.0148351 
227.683 -279.376 -0.0669966 
230.351 -277.788 -0.118441 
232.975 -276.202 -0.169022 
235.554 -274.617 -0.218664 
238.09 -273.03 -0.26729 
240.581 -271.439 -0.314823 
243.03 -269.843 -0.361186 
245.435 -268.238 -0.406303 
247.798 -266.622 -0.450097 
250.117 -264.994 -0.492492 
252.395 -263.352 -0.53341 
254.63 -261.693 -0.572775 
256.824 -260.014 -0.610511 
258.976 -258.315 -0.64654 
261.086 -256.592 -0.680786 
263.156 -254.844 -0.713172 
265.185 -253.068 -0.743622 
267.173 -251.263 -0.772059 
269.121 -249.425 -0.798405 
271.029 -247.554 -0.822586 
272.898 -245.646 -0.844523 
274.727 -243.7 -0.86414 
276.516 -241.714 -0.88136 
278.267 -239.684 -0.896107 
279.979 -237.61 -0.908304 
281.653 -235.489 -0.917875 
283.289 -233.319 -0.924742 
284.886 -231.097 -0.928829 
286.446 -228.822 -0.930059 
287.969 -226.492 -0.928356 
289.455 -224.103 -0.923642 
290.904 -221.655 -0.915842 
292.316 -219.144 -0.904878 
293.692 -216.57 -0.890674 
295.032 -213.929 -0.873152 
296.336 -211.223 -0.852418 
297.608 -208.455 -0.828574 
298.846 -205.627 -0.801724 
300.053 -202.742 -0.771972 
301.23 -199.8 -0.739421 
302.377 -196.804 -0.704175 
303.496 -193.756 -0.666337 
304.588 -190.658 -0.626012 
305.654 -187.513 -0.583303 
306.696 -184.322 -0.538314 
307.714 -181.087 -0.491148 
308.709 -177.811 -0.441908 
309.683 -174.496 -0.3907 
310.636 -171.143 -0.337625 
311.571 -167.755 -0.282788 
312.487 -164.333 -0.226293 
313.402 -160.898 -0.168467 
314.332 -157.467 -0.109638 
315.294 -154.061 -0.0501328 
316.304 -150.698 0.00972038 
317.38 -147.397 0.0695942 
318.537 -144.178 0.129161 
319.792 -141.059 0.188093 
321.162 -138.06 0.246063 
322.663 -135.2 0.302744 
324.313 -132.497 0.357807 
326.127 -129.972 0.410925 
328.122 -127.642 0.46177 
330.316 -125.528 0.510016 
332.723 -123.648 0.555334 
335.362 -122.022 0.597397 
338.248 -120.668 0.635876 
341.321 -119.518 0.671669 
344.516 -118.505 0.705671 
347.96 -117.764 0.73609 
351.775 -117.432 0.761134 
355.807 -117.339 0.783044 
359.901 -117.313 0.804058 
364.088 -117.39 0.823728 
368.398 -117.603 0.841607 
372.817 -117.935 0.857918 
377.329 -118.37 0.872886 
381.918 -118.889 0.886735 
386.569 -119.477 0.899687 
391.266 -120.116 0.911968 
395.995 -120.789 0.923801 
400.739 -121.479 0.93541 
405.482 -122.169 0.947019 
410.211 -122.849 0.958638 
414.908 -123.512 0.970275 
419.557 -124.147 0.981942 
424.144 -124.746 0.993646 
428.653 -125.299 1.0054 
433.068 -125.798 1.01721 
437.373 -126.233 1.02908 
441.552 -126.595 1.04104 
445.59 -126.875 1.05307 
449.472 -127.065 1.06521 
453.181 -127.153 1.07745 
456.702 -127.133 1.0898 
460.019 -126.994 1.10228 
463.117 -126.728 1.11489 
465.979 -126.325 1.12764 
468.59 -125.777 1.14055 
470.967 -125.092 1.1536 
473.124 -124.279 1.16678 
475.077 -123.348 1.18009 
476.841 -122.308 1.19351 
478.434 -121.168 1.20704 
479.869 -119.937 1.22066 
481.164 -118.623 1.23437 
482.333 -117.237 1.24815 
483.392 -115.787 1.262 
484.357 -114.282 1.27591 
485.244 -112.732 1.28987 
486.068 -111.146 1.30386 
486.845 -109.532 1.31788 
487.591 -107.9 1.33192 
488.32 -106.259 1.34598 
489.05 -104.618 1.36003 
489.78 -102.976 1.37408 
490.51 -101.335 1.38813 
491.24 -99.694 1.40218 
491.97 -98.0529 1.41623 
492.7 -96.4117 1.43028 
493.43 -94.7705 1.44433 
494.16 -93.1294 1.45839 
494.89 -91.4882 1.47244 
495.62 -89.847 1.48649 
496.35 -88.2058 1.50054 
497.08 -86.5647 1.51459 
497.81 -84.9235 1.52864 
498.54 -83.2823 1.54269 
499.27 -81.6412 1.55675 
500 -80 1.5708 

