20 20 1.5708 
20.1168 20.3177 1.56677 
20.2336 20.6354 1.56274 
20.3501 20.953 1.5587 
20.4664 21.2707 1.55465 
20.5823 21.5882 1.55058 
20.6977 21.9057 1.54649 
20.8126 22.2232 1.54238 
20.9268 22.5405 1.53823 
21.0402 22.8578 1.53405 
21.1528 23.1749 1.52983 
21.2645 23.4919 1.52557 
21.3751 23.8088 1.52126 
21.4846 24.1256 1.51689 
21.5929 24.4422 1.51247 
21.6999 24.7586 1.50799 
21.8054 25.0748 1.50345 
21.9095 25.3908 1.49883 
22.0119 25.7067 1.49415 
22.1127 26.0223 1.48938 
22.2116 26.3376 1.48453 
22.3087 26.6528 1.4796 
22.4038 26.9677 1.47457 
22.4969 27.2823 1.46945 
22.5878 27.5966 1.46423 
22.6764 27.9106 1.45891 
22.7627 28.2243 1.45347 
22.8465 28.5378 1.44793 
22.9278 28.8508 1.44226 
23.0065 29.1636 1.43648 
23.0824 29.476 1.43057 
23.1555 29.788 1.42453 
23.2257 30.0996 1.41836 
23.2929 30.4109 1.41204 
23.3572 30.7229 1.40561 
23.4186 31.0368 1.39906 
23.4773 31.3538 1.39241 
23.5332 31.675 1.38568 
23.5866 32.0015 1.37888 
23.6375 32.3346 1.37202 
23.686 32.6753 1.36511 
23.7321 33.0248 1.35818 
23.7759 33.3843 1.35123 
23.8176 33.7548 1.34427 
23.8571 34.1377 1.33733 
23.8947 34.5339 1.33041 
23.9303 34.9447 1.32353 
23.9641 35.3712 1.3167 
23.9961 35.8146 1.30993 
24.0264 36.276 1.30324 
24.0552 36.7565 1.29665 
24.0824 37.2573 1.29015 
24.1082 37.7796 1.28378 
24.1326 38.3245 1.27754 
24.1558 38.8931 1.27144 
24.1777 39.4867 1.26551 
24.1986 40.1063 1.25974 
24.2185 40.7531 1.25417 
24.2374 41.4282 1.24879 
24.2555 42.1329 1.24363 
24.2728 42.8682 1.23869 
24.2894 43.6353 1.23399 
24.3054 44.4354 1.22955 
24.3209 45.2695 1.22538 
24.336 46.139 1.22148 
24.3507 47.0448 1.21789 
24.365 47.9852 1.21457 
24.3791 48.9585 1.2115 
24.393 49.9628 1.20868 
24.4066 50.9963 1.20609 
24.42 52.0573 1.2037 
24.4334 53.144 1.2015 
24.4465 54.2545 1.19947 
24.4597 55.3872 1.19759 
24.4727 56.5401 1.19585 
24.4858 57.7116 1.19423 
24.4989 58.8998 1.19271 
24.5121 60.1029 1.19127 
24.5253 61.3192 1.1899 
24.5387 62.5468 1.18857 
24.5523 63.7841 1.18728 
24.5661 65.0291 1.18599 
24.5801 66.28 1.1847 
24.5944 67.5352 1.18339 
24.609 68.7929 1.18204 
24.6239 70.0511 1.18063 
24.6392 71.3082 1.17914 
24.6549 72.5624 1.17757 
24.6711 73.8118 1.17587 
24.6878 75.0546 1.17405 
24.7049 76.2892 1.17209 
24.7227 77.5137 1.16996 
24.741 78.7263 1.16764 
24.7599 79.9252 1.16513 
24.7795 81.1086 1.1624 
24.7998 82.2748 1.15944 
24.8208 83.4219 1.15622 
24.8426 84.5482 1.15274 
24.8652 85.6538 1.149 
24.8886 86.7387 1.14502 
24.9128 87.8032 1.14081 
24.9379 88.8471 1.13639 
24.9638 89.8708 1.13178 
24.9907 90.8742 1.12699 
25.0185 91.8576 1.12204 
25.0473 92.8208 1.11694 
25.0771 93.7642 1.1117 
25.1079 94.6878 1.10634 
25.1397 95.5916 1.10088 
25.1726 96.4758 1.09533 
25.2065 97.3406 1.0897 
25.2416 98.1859 1.08402 
25.2778 99.0119 1.07829 
25.3152 99.8186 1.07254 
25.3538 100.606 1.06677 
25.3935 101.375 1.061 
25.4346 102.125 1.05525 
25.4768 102.856 1.04953 
25.5204 103.568 1.04385 
25.5653 104.262 1.03824 
25.6115 104.937 1.03271 
25.659 105.594 1.02726 
25.708 106.232 1.02193 
25.7584 106.852 1.01671 
25.8102 107.454 1.01164 
25.8634 108.039 1.00671 
25.9182 108.605 1.00196 
25.9744 109.153 0.997382 
26.0322 109.684 0.993004 
26.0916 110.198 0.98884 
26.1528 110.694 0.984867 
26.2161 111.175 0.981066 
26.2817 111.64 0.977415 
26.35 112.091 0.973895 
26.4212 112.528 0.970484 
26.4956 112.953 0.967162 
26.5734 113.366 0.963909 
26.6549 113.768 0.960703 
26.7405 114.159 0.957524 
26.8302 114.541 0.954352 
26.9245 114.914 0.951165 
27.0236 115.28 0.947944 
27.1278 115.638 0.944668 
27.2372 115.99 0.941315 
27.3523 116.337 0.937867 
27.4732 116.679 0.934301 
27.6003 117.017 0.930597 
27.7338 117.352 0.926735 
27.874 117.685 0.922693 
28.0211 118.017 0.918453 
28.1754 118.348 0.913992 
28.3372 118.679 0.90929 
28.5068 119.012 0.904327 
28.6844 119.346 0.899082 
28.8703 119.683 0.893534 
29.0647 120.023 0.887663 
29.268 120.368 0.881448 
29.4803 120.718 0.874869 
29.7021 121.073 0.867905 
29.9334 121.436 0.860535 
30.1747 121.806 0.852738 
30.4262 122.184 0.844495 
30.6875 122.57 0.835835 
30.9583 122.963 0.826789 
31.2383 123.363 0.817386 
31.5271 123.768 0.807656 
31.8244 124.179 0.797631 
32.13 124.595 0.787339 
32.4433 125.015 0.776811 
32.7642 125.439 0.766077 
33.0923 125.866 0.755167 
33.4272 126.295 0.744111 
33.7686 126.726 0.73294 
34.1162 127.158 0.721684 
34.4696 127.591 0.710372 
34.8286 128.025 0.699034 
35.1928 128.457 0.687702 
35.5618 128.889 0.676405 
35.9353 129.319 0.665173 
36.313 129.746 0.654036 
36.6945 130.171 0.643024 
37.0796 130.593 0.632168 
37.4678 131.01 0.621497 
37.8589 131.423 0.611042 
38.2525 131.83 0.600833 
38.6483 132.232 0.5909 
39.046 132.627 0.581273 
39.4452 133.016 0.571982 
39.8455 133.397 0.563057 
40.2467 133.769 0.554528 
40.6485 134.133 0.546427 
41.0504 134.488 0.538781 
41.4522 134.833 0.531623 
41.8535 135.167 0.524981 
42.2544 135.491 0.518838 
42.6551 135.805 0.513176 
43.0556 136.109 0.507977 
43.4562 136.404 0.503223 
43.8568 136.689 0.498896 
44.2576 136.965 0.494978 
44.6587 137.232 0.49145 
45.0602 137.49 0.488296 
45.4623 137.739 0.485496 
45.865 137.98 0.483033 
46.2685 138.213 0.48089 
46.6728 138.438 0.479047 
47.0782 138.656 0.477487 
47.4846 138.865 0.476192 
47.8923 139.068 0.475144 
48.3012 139.263 0.474325 
48.7117 139.452 0.473717 
49.1236 139.634 0.473302 
49.5373 139.809 0.473063 
49.9527 139.979 0.47298 
50.37 140.142 0.473036 
50.7892 140.299 0.473213 
51.2107 140.451 0.473493 
51.6343 140.598 0.473858 
52.0603 140.739 0.47429 
52.4887 140.876 0.474772 
52.9197 141.007 0.475284 
53.3533 141.135 0.47581 
53.7898 141.257 0.47633 
54.2292 141.376 0.476828 
54.6715 141.491 0.477285 
55.117 141.602 0.477682 
55.5652 141.71 0.478024 
56.0154 141.814 0.478314 
56.4673 141.915 0.478554 
56.9202 142.012 0.478748 
57.3737 142.106 0.478899 
57.8273 142.197 0.479011 
58.2805 142.284 0.479085 
58.7328 142.368 0.479126 
59.1836 142.45 0.479137 
59.6325 142.528 0.479121 
60.0789 142.603 0.479081 
60.5224 142.676 0.47902 
60.9624 142.745 0.478941 
61.3985 142.812 0.478849 
61.83 142.876 0.478745 
62.2566 142.938 0.478632 
62.6776 142.997 0.478516 
63.0927 143.053 0.478397 
63.5013 143.107 0.47828 
63.9028 143.159 0.478168 
64.2968 143.208 0.478063 
64.6828 143.255 0.47797 
65.0602 143.3 0.47789 
65.4286 143.343 0.477829 
65.7875 143.384 0.477788 
66.1362 143.423 0.47777 
66.4744 143.46 0.47778 
66.8016 143.495 0.477819 
67.1171 143.529 0.477892 
67.4206 143.56 0.478002 
67.7114 143.59 0.478151 
67.9892 143.619 0.478343 
68.2545 143.646 0.47857 
68.5078 143.671 0.478822 
68.7499 143.695 0.479093 
68.9812 143.717 0.479373 
69.2025 143.738 0.479654 
69.4142 143.757 0.479928 
69.6171 143.774 0.480186 
69.8117 143.791 0.480421 
69.9985 143.805 0.480623 
70.1783 143.818 0.480785 
70.3516 143.829 0.480898 
70.519 143.839 0.480954 
70.6812 143.848 0.480944 
70.8386 143.855 0.48086 
70.9919 143.86 0.480694 
71.1418 143.864 0.480437 
71.2888 143.867 0.480081 
71.4335 143.868 0.479618 
71.5765 143.867 0.47904 
71.7185 143.865 0.478337 
71.8599 143.862 0.477503 
72.0015 143.857 0.476527 
72.1439 143.851 0.475403 
72.2875 143.843 0.474121 
72.4331 143.834 0.472674 
72.5812 143.823 0.471052 
72.7324 143.811 0.469248 
72.8874 143.797 0.467254 
73.0467 143.782 0.46506 
73.211 143.766 0.46266 
73.3807 143.748 0.460043 
73.5567 143.729 0.457202 
73.739 143.708 0.454159 
73.9282 143.685 0.450936 
74.1244 143.661 0.447554 
74.328 143.634 0.444036 
74.5394 143.604 0.440402 
74.7587 143.572 0.436676 
74.9865 143.536 0.432878 
75.2228 143.498 0.42903 
75.4682 143.456 0.425155 
75.7228 143.41 0.421274 
75.9871 143.361 0.41741 
76.2612 143.307 0.413583 
76.5457 143.249 0.409815 
76.8406 143.187 0.406129 
77.1464 143.12 0.402547 
77.4635 143.048 0.399089 
77.792 142.97 0.395779 
78.1323 142.888 0.392637 
78.4847 142.799 0.389686 
78.8496 142.705 0.386947 
79.2273 142.604 0.384442 
79.618 142.498 0.382194 
80.0222 142.384 0.380223 
80.44 142.264 0.378552 
80.8718 142.137 0.377203 
81.318 142.003 0.376197 
81.7789 141.861 0.375556 
82.2547 141.711 0.375302 
82.7457 141.554 0.375457 
83.2524 141.388 0.376042 
83.775 141.215 0.37708 
84.3139 141.032 0.378593 
84.8679 140.842 0.380555 
85.4363 140.643 0.382944 
86.0179 140.436 0.385735 
86.6118 140.222 0.388905 
87.2171 140.001 0.392429 
87.8327 139.773 0.396284 
88.4576 139.539 0.400445 
89.091 139.298 0.404888 
89.7318 139.051 0.40959 
90.3789 138.798 0.414527 
91.0316 138.54 0.419674 
91.6886 138.276 0.425008 
92.3492 138.008 0.430504 
93.0123 137.735 0.436139 
93.6769 137.457 0.441889 
94.342 137.175 0.447729 
95.0067 136.89 0.453636 
95.67 136.601 0.459586 
96.3309 136.308 0.465555 
96.9884 136.013 0.471518 
97.6415 135.715 0.477452 
98.2893 135.415 0.483333 
98.9308 135.112 0.489137 
99.565 134.807 0.49484 
100.191 134.501 0.500418 
100.808 134.194 0.505847 
101.414 133.885 0.511102 
102.009 133.576 0.516161 
102.592 133.266 0.520999 
103.162 132.956 0.525592 
103.717 132.646 0.529915 
104.258 132.336 0.533946 
104.784 132.027 0.537709 
105.295 131.718 0.541228 
105.793 131.409 0.544527 
106.277 131.099 0.547631 
106.748 130.79 0.550565 
107.207 130.481 0.553352 
107.653 130.171 0.556018 
108.088 129.861 0.558587 
108.512 129.55 0.561083 
108.924 129.239 0.563532 
109.326 128.927 0.565956 
109.719 128.614 0.568381 
110.101 128.301 0.570832 
110.475 127.987 0.573332 
110.839 127.671 0.575907 
111.196 127.355 0.57858 
111.545 127.037 0.581377 
111.886 126.718 0.584321 
112.22 126.398 0.587437 
112.548 126.076 0.59075 
112.869 125.753 0.594284 
113.185 125.428 0.598063 
113.495 125.101 0.602113 
113.801 124.773 0.606457 
114.102 124.442 0.61112 
114.399 124.11 0.616126 
114.693 123.775 0.621501 
114.983 123.438 0.627268 
115.271 123.099 0.633451 
115.557 122.758 0.640076 
115.84 122.414 0.647167 
116.123 122.068 0.654749 
116.403 121.719 0.662795 
116.682 121.368 0.671282 
116.959 121.016 0.680185 
117.235 120.662 0.689478 
117.508 120.306 0.699136 
117.779 119.95 0.709136 
118.047 119.592 0.719451 
118.313 119.235 0.730056 
118.577 118.876 0.740928 
118.837 118.518 0.752041 
119.095 118.16 0.763369 
119.35 117.802 0.774889 
119.602 117.445 0.786574 
119.85 117.089 0.798401 
120.096 116.734 0.810344 
120.337 116.38 0.822378 
120.575 116.028 0.834478 
120.809 115.678 0.84662 
121.039 115.329 0.858778 
121.266 114.984 0.870928 
121.488 114.641 0.883044 
121.705 114.3 0.895102 
121.918 113.963 0.907076 
122.127 113.63 0.918942 
122.331 113.299 0.930675 
122.53 112.973 0.94225 
122.724 112.651 0.953641 
122.913 112.333 0.964825 
123.097 112.019 0.975776 
123.276 111.711 0.986468 
123.449 111.408 0.996878 
123.616 111.109 1.00698 
123.778 110.816 1.01678 
123.935 110.528 1.02628 
124.087 110.245 1.0355 
124.235 109.965 1.04443 
124.378 109.69 1.05309 
124.516 109.419 1.06147 
124.651 109.152 1.06959 
124.783 108.888 1.07745 
124.911 108.628 1.08506 
125.036 108.37 1.09242 
125.158 108.115 1.09954 
125.277 107.863 1.10642 
125.394 107.613 1.11308 
125.509 107.366 1.11952 
125.622 107.12 1.12574 
125.733 106.876 1.13175 
125.843 106.633 1.13755 
125.952 106.391 1.14316 
126.06 106.151 1.14858 
126.168 105.911 1.15381 
126.274 105.672 1.15887 
126.381 105.433 1.16375 
126.488 105.194 1.16846 
126.596 104.955 1.17301 
126.703 104.715 1.17741 
126.812 104.475 1.18166 
126.922 104.234 1.18577 
127.033 103.992 1.18974 
127.146 103.749 1.19358 
127.261 103.504 1.1973 
127.378 103.257 1.2009 
127.497 103.008 1.20439 
127.619 102.758 1.20777 
127.743 102.505 1.21104 
127.87 102.251 1.21422 
128 101.995 1.21731 
128.132 101.737 1.22031 
128.268 101.478 1.22322 
128.407 101.217 1.22605 
128.549 100.955 1.22881 
128.695 100.692 1.23149 
128.844 100.427 1.23411 
128.997 100.161 1.23666 
129.153 99.8933 1.23916 
129.314 99.625 1.24161 
129.478 99.3556 1.244 
129.646 99.0852 1.24636 
129.819 98.814 1.24867 
129.996 98.542 1.25094 
130.177 98.2692 1.25319 
130.363 97.9957 1.25541 
130.554 97.7216 1.25761 
130.749 97.447 1.25979 
130.949 97.1719 1.26196 
131.155 96.8964 1.26412 
131.365 96.6206 1.26628 
131.581 96.3445 1.26843 
131.802 96.0682 1.2706 
132.028 95.7918 1.27277 
132.26 95.5153 1.27495 
132.498 95.2389 1.27716 
132.741 94.9625 1.27939 
132.991 94.6863 1.28164 
133.246 94.4103 1.28393 
133.508 94.1347 1.28627 
133.775 93.8597 1.28865 
134.048 93.5853 1.29111 
134.327 93.3119 1.29364 
134.612 93.0395 1.29626 
134.901 92.7683 1.29898 
135.197 92.4985 1.30182 
135.497 92.2302 1.30478 
135.803 91.9636 1.30788 
136.113 91.6988 1.31112 
136.429 91.4361 1.31452 
136.75 91.1756 1.31809 
137.075 90.9175 1.32185 
137.405 90.6619 1.32579 
137.74 90.4089 1.32994 
138.079 90.1588 1.33431 
138.423 89.9118 1.33891 
138.771 89.6679 1.34374 
139.123 89.4273 1.34882 
139.48 89.1903 1.35417 
139.84 88.9569 1.35979 
140.205 88.7273 1.36569 
140.573 88.5018 1.37189 
140.945 88.2804 1.3784 
141.32 88.0633 1.38523 
141.699 87.8508 1.39239 
142.082 87.6429 1.39989 
142.468 87.4398 1.40775 
142.857 87.2417 1.41597 
143.249 87.0487 1.42457 
143.645 86.861 1.43356 
144.043 86.6789 1.44294 
144.444 86.5024 1.4527 
144.848 86.3319 1.4628 
145.255 86.1675 1.47321 
145.664 86.0095 1.48391 
146.075 85.8581 1.49486 
146.488 85.7135 1.50603 
146.903 85.576 1.51741 
147.32 85.4458 1.52895 
147.738 85.3232 1.54063 
148.158 85.2082 1.55242 
148.579 85.1013 1.56429 
149.002 85.0025 1.57622 
149.425 84.9122 1.58816 
149.849 84.8305 1.6001 
150.274 84.7577 1.61201 
150.7 84.694 1.62385 
151.126 84.6397 1.6356 
151.552 84.5949 1.64723 
151.979 84.5599 1.6587 
152.405 84.5349 1.67 
152.831 84.5201 1.68109 
153.257 84.5158 1.69193 
153.682 84.5223 1.70252 
154.107 84.5396 1.7128 
154.531 84.5681 1.72276 
154.954 84.608 1.73237 
155.376 84.6594 1.7416 
155.796 84.7227 1.75041 
156.216 84.7981 1.75878 
156.633 84.8857 1.76668 
157.05 84.9859 1.77409 
157.464 85.0988 1.78096 
157.876 85.224 1.78733 
158.287 85.3612 1.7932 
158.696 85.51 1.79859 
159.103 85.6698 1.80352 
159.509 85.8404 1.808 
159.914 86.0214 1.81206 
160.317 86.2123 1.8157 
160.718 86.4128 1.81895 
161.119 86.6225 1.82182 
161.518 86.8409 1.82432 
161.915 87.0676 1.82648 
162.312 87.3023 1.82831 
162.708 87.5446 1.82982 
163.102 87.7941 1.83104 
163.496 88.0503 1.83198 
163.888 88.3129 1.83265 
164.279 88.5821 1.83308 
164.668 88.8582 1.83326 
165.054 89.1414 1.83323 
165.436 89.432 1.83298 
165.814 89.7303 1.83253 
166.187 90.0365 1.83191 
166.554 90.3509 1.83111 
166.915 90.6737 1.83015 
167.27 91.0052 1.82905 
167.616 91.3457 1.82782 
167.954 91.6953 1.82648 
168.283 92.0544 1.82503 
168.603 92.4232 1.82349 
168.912 92.802 1.82187 
169.21 93.191 1.82019 
169.497 93.5905 1.81846 
169.772 93.9995 1.81668 
170.037 94.4169 1.81486 
170.292 94.8416 1.813 
170.537 95.2728 1.8111 
170.774 95.7092 1.80916 
171.002 96.1499 1.8072 
171.223 96.5938 1.8052 
171.437 97.04 1.80318 
171.644 97.4873 1.80113 
171.845 97.9348 1.79907 
172.041 98.3813 1.79699 
172.232 98.8259 1.79489 
172.418 99.2676 1.79278 
172.601 99.7052 1.79067 
172.781 100.138 1.78855 
172.959 100.564 1.78642 
173.133 100.984 1.7843 
173.305 101.398 1.78217 
173.474 101.804 1.78004 
173.64 102.202 1.77791 
173.802 102.593 1.77577 
173.961 102.975 1.77363 
174.116 103.348 1.77149 
174.268 103.712 1.76934 
174.415 104.067 1.7672 
174.559 104.412 1.76504 
174.698 104.746 1.76289 
174.833 105.07 1.76073 
174.963 105.383 1.75856 
175.088 105.685 1.7564 
175.209 105.975 1.75423 
175.324 106.252 1.75205 
175.435 106.519 1.74987 
175.54 106.776 1.74768 
175.641 107.023 1.74549 
175.737 107.263 1.74329 
175.829 107.496 1.74108 
175.917 107.723 1.73886 
176 107.945 1.73663 
176.079 108.163 1.73439 
176.154 108.379 1.73214 
176.225 108.594 1.72987 
176.292 108.808 1.72759 
176.355 109.023 1.7253 
176.415 109.239 1.72299 
176.471 109.458 1.72067 
176.524 109.681 1.71833 
176.574 109.908 1.71597 
176.62 110.142 1.7136 
176.664 110.382 1.7112 
176.704 110.63 1.70879 
176.742 110.888 1.70635 
176.777 111.156 1.70389 
176.809 111.435 1.70141 
176.839 111.726 1.69891 
176.866 112.03 1.69638 
176.891 112.349 1.69383 
176.914 112.683 1.69125 
176.935 113.034 1.68865 
176.954 113.402 1.68601 
176.971 113.789 1.68335 
176.987 114.196 1.68066 
177 114.623 1.67794 
177.013 115.073 1.67519 
177.024 115.543 1.67242 
177.033 116.035 1.66962 
177.041 116.546 1.6668 
177.048 117.077 1.66396 
177.054 117.628 1.66111 
177.059 118.196 1.65826 
177.063 118.783 1.6554 
177.066 119.388 1.65254 
177.068 120.009 1.64969 
177.07 120.647 1.64684 
177.07 121.301 1.644 
177.071 121.97 1.64118 
177.07 122.654 1.63838 
177.069 123.352 1.6356 
177.068 124.065 1.63285 
177.067 124.79 1.63012 
177.065 125.528 1.62744 
177.063 126.278 1.62479 
177.061 127.04 1.62218 
177.059 127.812 1.61962 
177.058 128.596 1.6171 
177.056 129.389 1.61464 
177.054 130.192 1.61224 
177.053 131.003 1.6099 
177.053 131.823 1.60762 
177.052 132.651 1.60542 
177.053 133.487 1.60328 
177.053 134.329 1.60122 
177.055 135.177 1.59924 
177.057 136.031 1.59735 
177.06 136.89 1.59554 
177.064 137.753 1.59383 
177.069 138.621 1.5922 
177.075 139.492 1.59066 
177.082 140.366 1.58921 
177.09 141.242 1.58783 
177.099 142.119 1.58654 
177.109 142.997 1.58532 
177.121 143.875 1.58417 
177.133 144.753 1.5831 
177.147 145.63 1.58209 
177.162 146.505 1.58115 
177.178 147.378 1.58028 
177.195 148.248 1.57946 
177.214 149.114 1.57871 
177.234 149.976 1.578 
177.255 150.834 1.57736 
177.278 151.685 1.57676 
177.302 152.531 1.57621 
177.328 153.37 1.5757 
177.355 154.201 1.57524 
177.383 155.025 1.57482 
177.413 155.84 1.57444 
177.445 156.645 1.57409 
177.479 157.441 1.57377 
177.514 158.226 1.57349 
177.55 159 1.57323 
177.589 159.762 1.573 
177.629 160.512 1.57279 
177.671 161.248 1.5726 
177.715 161.971 1.57242 
177.76 162.68 1.57226 
177.808 163.374 1.57212 
177.857 164.052 1.57198 
177.908 164.715 1.57185 
177.961 165.363 1.57173 
178.016 165.998 1.57162 
178.072 166.618 1.57152 
178.13 167.226 1.57142 
178.189 167.82 1.57133 
178.25 168.403 1.57125 
178.312 168.974 1.57118 
178.376 169.534 1.57112 
178.441 170.083 1.57106 
178.507 170.622 1.571 
178.574 171.151 1.57096 
178.643 171.671 1.57092 
178.712 172.182 1.57088 
178.783 172.684 1.57085 
178.854 173.179 1.57082 
178.927 173.667 1.5708 
179 174.148 1.57078 
179.074 174.622 1.57077 
179.149 175.091 1.57076 
179.224 175.554 1.57075 
179.3 176.013 1.57075 
179.376 176.467 1.57075 
179.453 176.917 1.57075 
179.531 177.364 1.57075 
179.608 177.808 1.57076 
179.686 178.249 1.57076 
179.765 178.688 1.57077 
179.843 179.126 1.57078 
179.921 179.563 1.57079 
180 180 1.5708 

