20 20 0 0 0 0
32.9978 13.6574 -1.81592 2.82913 -0.845654 5.68827
21.8849 37.0333 0.939692 -5.89454 -0.687919 5.68827
15.719 63.1922 -1.89315 7.26356 0.695773 5.68827
31.4983 67.633 1.46771 -2.71377 0.90074 8.53241
33.0326 82.4644 1.00583 5.24255 -0.300395 2.84414
35.6341 86.5684 0.5104 1.70845 -0.795103 2.84414
39.0478 88.4406 0.475425 0.684491 -0.0895874 5.68827
33.5164 106.284 2.39457 -3.39006 0.735699 14.2207
38.2078 101.939 2.10647 -2.24816 0.423327 2.84414
35.0892 107.193 1.94453 2.14821 -0.2591 2.84414
32.2207 114.508 1.92306 2.76256 -0.0273183 2.84414
53.9084 134.776 -1.59138 5.87147 -0.611742 8.53241
54.1136 144.744 -2.88906 -3.50546 0.915691 2.84414
114.845 151.408 3.07184 -2.39704 0.0524773 25.5972
111.36 168.69 -1.42869 6.47294 -0.800202 25.5972
138.253 139.164 0.957859 8.48737 0.459101 5.68827
136.268 136.652 0.734799 -0.56373 0.607777 5.68827
116.142 118.466 2.92094 -9.53712 -0.67836 2.84414
138.305 115.305 3.13153 -1.97125 -0.0936306 11.3765
128.144 91.6785 -0.410728 1.795 0.65428 19.9089
123.32 57.6355 2.98173 1.75503 -0.524929 28.4414
175.345 43.2401 2.65149 -6.35216 0.060856 8.53241
158.262 59.4363 2.02468 1.2016 -0.256255 19.9089
166.356 90.5676 -0.808296 7.44542 -0.58956 5.68827
169.834 74.6872 -2.17551 1.23347 -0.662081 14.2207
188.03 94.6117 -2.58166 -3.18185 0.148503 8.53241
184.285 82.2278 2.71141 8.96617 -0.760142 8.53241
166.366 108.903 1.06409 4.17535 -0.433114 8.53241
174.214 123.041 0.252409 5.68546 -0.465213 2.84414
188.497 133.152 1.34322 2.14451 0.537578 8.53241
187.933 130.715 1.32894 -0.879479 0.057032 2.84414
186.523 125.001 1.86593 -2.06927 -0.739644 2.84414
188.339 120.215 2.03446 -0.360425 -0.317672 14.2207
180.031 180.179 1.21946 4.37227 -0.130335 14.2207
